0 0
-0.01 -0.009999832916666666
-0.02 -0.019998659974930416
-0.03 -0.029995466049037904
-0.04 -0.039989225811052354
-0.05 -0.04997890362831991
-0.060000000000000005 -0.0599634534599055
-0.06999999999999999 -0.0699418187519879
-0.08 -0.07991293233220344
-0.09 -0.08987571630292786
-0.09999999999999999 -0.09982908193348572
-0.11 -0.10977192955127635
-0.12 -0.11970314843180574
-0.13 -0.1296216166876131
-0.14 -0.13952620115608122
-0.15000000000000002 -0.14941575728611928
-0.16 -0.15928912902370673
-0.17 -0.16914514869628697
-0.18000000000000002 -0.17898263689599908
-0.19 -0.18880040236173612
-0.2 -0.19859724186001795
-0.21000000000000002 -0.20837194006466697
-0.22 -0.21812326943527435
-0.23 -0.22784999009444512
-0.24000000000000002 -0.2375508497038093
-0.25 -0.24722458333878705
-0.26 -0.25686991336209514
-0.27 -0.2664855492959822
-0.28 -0.27607018769317987
-0.29000000000000004 -0.28562251200655686
-0.3 -0.2951411924574633
-0.31 -0.3046248859027517
-0.32 -0.31407223570046156
-0.33 -0.3234818715741539
-0.34 -0.33285240947588274
-0.35000000000000003 -0.3421824514477888
-0.36000000000000004 -0.35147058548230287
-0.37 -0.36071538538094366
-0.38 -0.36991541061169697
-0.39 -0.37906920616496104
-0.4 -0.3881753024080446
-0.41000000000000003 -0.3972322149382022
-0.42000000000000004 -0.4062384444341929
-0.43 -0.4151924765063466
-0.44 -0.4240927815451242
-0.45 -0.43293781456815494
-0.46 -0.4417260150657373
-0.47000000000000003 -0.4504558068447863
-0.48000000000000004 -0.4591255978712133
-0.49 -0.467733780110721
-0.5 -0.47627872936799864
-0.51 -0.4847588051243014
-0.52 -0.49317235037339685
-0.53 -0.501517691455863
-0.54 -0.5097931378917212
-0.55 -0.5179969822113865
-0.56 -0.5261274997849191
-0.5700000000000001 -0.5341829486495606
-0.5800000000000001 -0.5421615693355355
-0.59 -0.5500615846901031
-0.6 -0.557881199699841
-0.61 -0.5656186013111415
-0.62 -0.5732719582489056
-0.63 -0.5808394208334136
-0.64 -0.5883191207953551
-0.65 -0.5957091710890016
-0.66 -0.6030076657034992
-0.67 -0.6102126794722669
-0.68 -0.6173222678804775
-0.6900000000000001 -0.6243344668706052
-0.7000000000000001 -0.6312472926460179
-0.7100000000000001 -0.6380587414725954
-0.72 -0.6447667894783556
-0.73 -0.6513693924510642
-0.74 -0.6578644856338125
-0.75 -0.6642499835185401
-0.76 -0.6705237796374821
-0.77 -0.6766837463525204
-0.78 -0.6827277346424183
-0.79 -0.6886535738879169
-0.8 -0.694459071654671
-0.81 -0.7001420134740037
-0.8200000000000001 -0.7057001626214581
-0.8300000000000001 -0.7111312598931225
-0.8400000000000001 -0.7164330233797089
-0.85 -0.7216031482383594
-0.86 -0.72663930646216
-0.87 -0.7315391466473389
-0.88 -0.7363002937581229
-0.89 -0.7409203488892327
-0.9 -0.7453968890259903
-0.91 -0.7497274668020151
-0.92 -0.7539096102544854
-0.93 -0.7579408225769404
-0.9400000000000001 -0.761818581869597
-0.9500000000000001 -0.7655403408871578
-0.9600000000000001 -0.7691035267840849
-0.97 -0.7725055408573126
-0.98 -0.7757437582863752
-0.99 -0.7788155278709229
-1.0 -0.7817181717655993
-1.01 -0.7844489852122548
-1.02 -0.7870052362694684
-1.03 -0.7893841655393514
-1.04 -0.7915829858916054
-1.05 -0.7935988821848066
-1.06 -0.7954290109848896
-1.07 -0.7970705002808016
-1.08 -0.7985204491972989
-1.09 -0.7997759277048568
-1.1 -0.8008339763266644
-1.11 -0.8016916058426743
-1.12 -0.8023457969906782
-1.1300000000000001 -0.8027935001643781
-1.1400000000000001 -0.8030316351084232
-1.1500000000000001 -0.8030570906103819
-1.1600000000000001 -0.8028667241896176
-1.17 -0.8024573617830384
-1.18 -0.801825797427688
-1.19 -0.8009687929401466
-1.2 -0.79988307759271
-1.21 -0.7985653477863144
-1.22 -0.7970122667201729
-1.23 -0.7952204640580935
-1.24 -0.7931865355914425
-1.25 -0.7909070428987202
-1.26 -0.7883785130017166
-1.27 -0.7855974380182104
-1.28 -0.7825602748111778
-1.29 -0.779263444634476
-1.3 -0.7757033327749656
-1.31 -0.7718762881910359
-1.32 -0.7677786231474981
-1.33 -0.7634066128468088
-1.34 -0.7587564950565866
-1.35 -0.7538244697333863
-1.36 -0.7486066986426912
-1.37 -0.7430993049750863
-1.3800000000000001 -0.7372983729585739
-1.3900000000000001 -0.7311999474669941
-1.4000000000000001 -0.7248000336245078
-1.4100000000000001 -0.7180945964061064
-1.42 -0.7110795602341058
-1.43 -0.703750808570585
-1.44 -0.6961041835057296
-1.45 -0.6881354853420362
-1.46 -0.6798404721743402
-1.47 -0.6712148594656212
-1.48 -0.662254319618546
-1.49 -0.652954481542705
-1.5 -0.6433109302174996
-1.51 -0.6333192062506368
-1.52 -0.6229748054321855
-1.53 -0.6122731782841527
-1.54 -0.6012097296055312
-1.55 -0.5897798180127758
-1.56 -0.5779787554756612
-1.57 -0.5658018068484754
-1.58 -0.5532441893965003
-1.59 -0.5403010723177352
-1.6 -0.5269675762598117
-1.61 -0.5132387728320553
-1.62 -0.4991096841126416
-1.6300000000000001 -0.48457528215080004
-1.6400000000000001 -0.4696304884640148
-1.6500000000000001 -0.45427017353017224
-1.6600000000000001 -0.4384891562746045
-1.6700000000000002 -0.4222822035519775
-1.68 -0.4056440296229722
-1.69 -0.38856929562570636
-1.7 -0.3710526090418437
-1.71 -0.35308852315733763
-1.72 -0.33467153651775544
-1.73 -0.3157960923781281
-1.74 -0.2964565781472712
-1.75 -0.2766473248265212
-1.76 -0.25636260644283076
-1.77 -0.2355966394761667
-1.78 -0.21434358228115322
-1.79 -0.19259753450290235
-1.8 -0.17035253648697374
-1.81 -0.14760256868340413
-1.82 -0.12434155104474737
-1.83 -0.10056334241806458
-1.84 -0.07626173993080376
-1.85 -0.0514304783705074
-1.86 -0.02606322955828593
-1.87 -0.00015360171599465566
-1.8800000000000001 0.026304861172949466
-1.8900000000000001 0.05331868000917482
-1.9000000000000001 0.08089444122945064
-1.9100000000000001 0.10903879746533615
-1.9200000000000002 0.13775846820844934
-1.93 0.16706024048242163
-1.94 0.19695096952160596
-1.95 0.22743757945660592
-1.96 0.25852706400669456
-1.97 0.2902264871791921
-1.98 0.32254298397587267
-1.99 0.3554837611064704
-2.0 0.38905609770935634
-2.01 0.4232673460794584
-2.02 0.45812493240349683
-2.03 0.4936363575026094
-2.04 0.5298091975824395
-2.05 0.5666511049907631
-2.0599999999999996 0.6041698089827299
-2.07 0.6423731164937952
-2.0799999999999996 0.6812689129204202
-2.09 0.720865162908618
-2.0999999999999996 0.7611699111504248
-2.11 0.8021912831883758
-2.1199999999999997 0.8439374862280667
-2.13 0.8864168099588805
-2.1399999999999997 0.9296376273829634
-2.15 0.9736083956525324
-2.1599999999999997 1.0183376569155973
-2.17 1.0638340391701826
-2.1799999999999997 1.1101062571271345
-2.19 1.1571631130815994
-2.1999999999999997 1.2050134977932605
-2.21 1.2536663913754214
-2.2199999999999998 1.3031308641930246
-2.23 1.3534160777696964
-2.2399999999999998 1.4045312857039056
-2.25 1.4564858345943321
-2.26 1.5092891649745341
-2.27 1.5629508122570095
-2.28 1.6174804076867448
-2.29 1.6728876793043481
-2.3 1.7291824529188606
-2.31 1.7863746530903466
-2.32 1.844474304122357
-2.3299999999999996 1.9034915310643683
-2.34 1.963436560724296
-2.3499999999999996 2.024319722691184
-2.36 2.0861514503681717
-2.3699999999999997 2.1489422820158435
-2.38 2.212702861806063
-2.3899999999999997 2.2774439408864007
-2.4 2.343176378455255
-2.4099999999999997 2.4099111428477835
-2.42 2.4776593126327446
-2.4299999999999997 2.5464320777203637
-2.44 2.616240740481334
-2.4499999999999997 2.6870967168770616
-2.46 2.7590115376012734
-2.4699999999999998 2.831996849233094
-2.48 2.906064415401714
-2.4899999999999998 2.981226117962764
-2.5 3.057493958186508
-2.51 3.1348800579579814
-2.52 3.2133966609891895
-2.53 3.2930561340434896
-2.54 3.3738709681722767
-2.55 3.455853779964099
-2.56 3.539017312806328
-2.57 3.6233744381595074
-2.5799999999999996 3.7089381568445106
-2.59 3.7957216003426315
-2.5999999999999996 3.8837380321087465
-2.61 3.973000848897669
-2.6199999999999997 4.063523582103836
-2.63 4.1553198991144615
-2.6399999999999997 4.248403604676282
-2.65 4.342788642276048
-2.6599999999999997 4.438489095534878
-2.67 4.5355191896166405
-2.6799999999999997 4.633893292650473
-2.69 4.733625917167615
-2.6999999999999997 4.834731721552667
-2.71 4.937225511509446
-2.7199999999999998 5.041122241541566
-2.73 5.1464370164479
-2.7399999999999998 5.253185092833073
-2.75 5.361381880633138
-2.76 5.471042944656578
-2.77 5.5821840061408015
-2.78 5.694820944324282
-2.79 5.80896979803449
-2.8 5.924646767291795
-2.81 6.041868214929474
-2.82 6.1606506682300175
-2.8299999999999996 6.281010820577862
-2.84 6.402965533128748
-2.8499999999999996 6.52653183649585
-2.86 6.651726932452848
-2.8699999999999997 6.778568195654124
-2.88 6.907073175372238
-2.8899999999999997 7.037259597252872
-2.9 7.169145365087409
-2.9099999999999997 7.302748562603325
-2.92 7.438087455272582
-2.9299999999999997 7.575180492138183
-2.94 7.7140463076591
-2.9499999999999997 7.854703723573728
-2.96 7.997171750782078
-2.9699999999999998 8.141469591246885
-2.98 8.287616639913814
-2.9899999999999998 8.435632486650979
-3.0 8.585536918207938
-3.01 8.737349920194386
-3.02 8.891091679078743
-3.03 9.046782584206802
-3.04 9.204443229840692
-3.05 9.364094417218313
-3.06 9.525757156633487
-3.07 9.689452669536996
-3.08 9.855202390658746
-3.09 10.023027970151267
-3.0999999999999996 10.192951275754732
-3.11 10.364994394983759
-3.1199999999999997 10.53917963733618
-3.13 10.715529536524006
-3.1399999999999997 10.89406685272682
-3.15 11.07481457486781
-3.1599999999999997 11.257795922912688
-3.17 11.443034350191697
-3.1799999999999997 11.630553545744966
-3.19 11.820377436691441
-3.1999999999999997 12.012530190621607
-3.21 12.207036218014274
-3.2199999999999998 12.403920174677639
-3.23 12.603206964214895
-3.2399999999999998 12.804921740514606
-3.25 13.00908991026612
-3.26 13.215737135500254
-3.27 13.424889336155527
-3.28 13.636572692670171
-3.29 13.850813648600194
-3.3 14.06763891326376
-3.31 14.287075464412146
-3.32 14.509150550927535
-3.33 14.733891695547928
-3.34 14.961326697619443
-3.3499999999999996 15.19148363587627
-3.36 15.424390871248573
-3.3699999999999997 15.660077049698595
-3.38 15.898571105085294
-3.3899999999999997 16.13990226205774
-3.4 16.38410003897761
-3.4099999999999997 16.63119425087105
-3.42 16.8812150124102
-3.4299999999999997 17.13419274092468
-3.44 17.390158159443363
-3.4499999999999997 17.649142299766694
-3.46 17.911176505569898
-3.4699999999999998 18.176292435537366
-3.48 18.444522066528567
-3.4899999999999998 18.71589769677574
-3.5 18.990451949113766
-3.51 19.268217774242455
-3.52 19.549228454021666
-3.53 19.833517604799503
-3.54 20.12111918077399
-3.55 20.41206747738852
-3.56 20.706397134761403
-3.57 21.004143141149942
-3.58 21.30534083644927
-3.59 21.610025915726364
-3.5999999999999996 21.9182344327896
-3.61 22.23000280379414
-3.6199999999999997 22.545367810883594
-3.63 22.864366605868263
-3.6399999999999997 23.187036713940348
-3.65 23.5134160374265
-3.6599999999999997 23.843542859578086
-3.67 24.17745584839955
-3.6799999999999997 24.515194060515235
-3.69 24.856796945075086
-3.6999999999999997 25.202304347699602
-3.71 25.55175651446442
-3.7199999999999998 25.90519409592496
-3.73 26.26265815118152
-3.7399999999999998 26.624190151985214
-3.75 26.989831986885186
-3.76 27.359625965417496
-3.77 27.733614822336115
-3.78 28.111841721886424
-3.79 28.49435026212169
-3.8 28.88118447926289
-3.81 29.272388852102388
-3.82 29.668008306451842
-3.83 30.06808821963482
-3.84 30.47267442502458
-3.8499999999999996 30.881813216627428
-3.86 31.29555135371218
-3.8699999999999997 31.71393606548611
-3.88 32.13701505581792
-3.8899999999999997 32.564836508008156
-3.9 32.99744908960759
-3.9099999999999997 33.43490195728402
-3.92 33.87724476173795
-3.9299999999999997 34.324527652667726
-3.94 34.77680128378455
-3.9499999999999997 35.23411681787788
-3.96 35.69652593193176
-3.9699999999999998 36.16408082229255
-3.98 36.63683420988861
-3.9899999999999998 37.11483934550246
-4.0 37.598150015095854
-4.01 38.086820545188466
-4.02 38.58090580829057
-4.03 39.08046122839031
-4.04 39.58554278649622
-4.05 40.096207026235284
-4.06 40.61251105950739
-4.07 41.13451257219658
-4.08 41.662269829939646
-4.09 42.19584168395279
-4.1 42.735287576916754
-4.109999999999999 43.28066754892115
-4.12 43.832042243468536
-4.13 44.38947291353879
-4.14 44.953021427714475
-4.1499999999999995 45.52275027636775
-4.16 46.09872257790946
-4.17 46.681002085101014
-4.18 47.26965319142973
-4.1899999999999995 47.86474093754824
-4.2 48.466331017778586
-4.21 49.07448978668174
-4.22 49.68928426569308
-4.2299999999999995 50.310782149824625
-4.24 50.93905181443457
-4.25 51.57416232206488
-4.26 52.21618342934761
-4.27 52.86518559398062
-4.28 53.521239981773405
-4.29 54.18441847376374
-4.3 54.854793673405844
-4.31 55.53243891383077
-4.32 56.21742826517979
-4.33 56.90983654201149
-4.34 57.60973931078325
-4.35 58.31721289740798
-4.36 59.03233439488677
-4.37 59.75518167101825
-4.38 60.48583337618544
-4.39 61.224368951220846
-4.3999999999999995 61.97086863535061
-4.41 62.72541347421852
-4.42 63.4880853279906
-4.43 64.25896687954125
-4.4399999999999995 65.03814164272154
-4.45 65.82569397071073
-4.46 66.6217090644516
-4.47 67.42627298117064
-4.4799999999999995 68.23947264298387
-4.49 69.06139584558908
-4.5 69.89213126704549
-4.51 70.73176847664165
-4.52 71.5803979438524
-4.53 72.43811104738595
-4.54 73.30500008432175
-4.55 74.18115827934037
-4.56 75.06667979404595
-4.57 75.96165973638253
-4.58 76.86619417014484
-4.59 77.78038012458482
-4.6 78.7043156041146
-4.61 79.63809959810702
-4.62 80.58183209079465
-4.63 81.53561407126833
-4.64 82.49954754357611
-4.6499999999999995 83.47373553692378
-4.66 84.45828211597787
-4.67 85.45329239127216
-4.68 86.4588725297189
-4.6899999999999995 87.47512976522553
-4.7 88.50217240941816
-4.71 89.54010986247287
-4.72 90.58905262405577
-4.7299999999999995 91.64911230437308
-4.74 92.72040163533222
-4.75 93.80303448181517
-4.76 94.89712585306495
-4.77 96.0027919141867
-4.78 97.12014999776429
-4.79 98.24931861559362
-4.8 99.390417470534
-4.81 100.54356746847846
-4.82 101.70889073044442
-4.83 102.88651060478597
-4.84 104.07655167952873
-4.85 105.27913979482884
-4.86 106.49440205555699
-4.87 107.72246684400909
-4.88 108.96346383274457
-4.89 110.21752399755373
-4.8999999999999995 111.48477963055547
-4.91 112.76536435342656
-4.92 114.05941313076399
-4.93 115.36706228358145
-4.9399999999999995 116.68844950294162
-4.95 118.02371386372538
-4.96 119.37299583853937
-4.97 120.73643731176341
-4.9799999999999995 122.11418159373905
-4.99 123.50637343510071
-5.0 124.91315904125089
-5.01 126.33468608698078
