0 0
0.01 0.00999983375
0.02 0.01999867330840264
0.03 0.029995533550954592
0.04 0.03998943915555264
0.05 0.04997942450471063
0.060000000000000005 0.059964533588996935
0.06999999999999999 0.0699438199114327
0.08 0.07991634639284138
0.09 0.08988118527814003
0.09999999999999999 0.09983741804356298
0.11 0.10978413530480878
0.12 0.11972043672610094
0.13 0.12964543093015363
0.14 0.1395582354090332
0.15000000000000002 0.1494579764359067
0.16 0.15934378897766835
0.17 0.16921481660843563
0.18000000000000002 0.17907021142390592
0.19 0.1889091339565654
0.2 0.19873075309174154
0.21000000000000002 0.208534245984491
0.22 0.2183187979773144
0.23 0.22808360251868998
0.24000000000000002 0.2378278610824176
0.25 0.24755078308776565
0.26 0.2572515858204122
0.27 0.26692949435417296
0.28 0.276583741473508
0.29000000000000004 0.28621356759679956
0.3 0.29581822070039326
0.31 0.30539695624339513
0.32 0.31494903709321687
0.33 0.3244737334518619
0.34 0.3339703227829452
0.35000000000000003 0.34343808973943873
0.36000000000000004 0.35287632609213637
0.37 0.3622843306588304
0.38 0.3716614092341926
0.39 0.3810068745203531
0.4 0.39032004605817017
0.41000000000000003 0.3996002501591837
0.42000000000000004 0.4088468198382457
0.43 0.4180590947468214
0.44 0.42723642110695353
0.45 0.43637815164588434
0.46 0.4454836455313276
0.47000000000000003 0.4545522683073848
0.48000000000000004 0.46358339183109926
0.49 0.4725763942096409
0.5 0.481530659738117
0.51 0.49044557883800055
0.52 0.4993205479961725
0.53 0.5081549697045694
0.54 0.5169482524004327
0.55 0.5256998104071515
0.56 0.5344090638756944
0.5700000000000001 0.5430754387266244
0.5800000000000001 0.5516983665926903
0.59 0.5602772847619897
0.6 0.5688116361216968
0.61 0.5773008691023515
0.62 0.5857444376227011
0.63 0.5941418010350925
0.64 0.6024924240714065
0.65 0.6107957767895305
0.66 0.6190513345203642
0.67 0.6272585778153522
0.68 0.6354169923945384
0.6900000000000001 0.6435260690951378
0.7000000000000001 0.6515853038206196
0.7100000000000001 0.6595941974902977
0.72 0.6675522559894214
0.73 0.6754589901197641
0.74 0.6833139155507029
0.75 0.6911165527707849
0.76 0.6988664270397762
0.77 0.706563068341187
0.78 0.7142060113352696
0.79 0.7217947953124844
0.8 0.7293289641474279
0.81 0.7368080662532207
0.8200000000000001 0.7442316545363477
0.8300000000000001 0.7515992863519484
0.8400000000000001 0.7589105234595527
0.85 0.7661649319792556
0.86 0.7733620823483296
0.87 0.7805015492782675
0.88 0.7875829117122537
0.89 0.7946057527830577
0.9 0.8015696597713473
0.91 0.8084742240644165
0.92 0.8153190411153233
0.93 0.8221037104024352
0.9400000000000001 0.8288278353893767
0.9500000000000001 0.8354910234853747
0.9600000000000001 0.8420928860060001
0.97 0.8486330381342981
0.98 0.8551110988823067
0.99 0.8615266910529576
1.0 0.8678794412023558
1.01 0.8741689796024353
1.02 0.8803949402039858
1.03 0.8865569606000473
1.04 0.8926546819896697
1.05 0.8986877491420316
1.06 0.9046558103609177
1.07 0.9105585174495481
1.08 0.9163955256757591
1.09 0.9221664937375291
1.1 0.9278710837288486
1.11 0.933508961105929
1.12 0.9390797946537477
1.1300000000000001 0.9445832564529271
1.1400000000000001 0.9500190218469415
1.1500000000000001 0.9553867694096521
1.1600000000000001 0.9606861809131632
1.17 0.9659169412959996
1.18 0.9710787386316004
1.19 0.9761712640971257
1.2 0.9811942119425742
1.21 0.9861472794602079
1.22 0.9910301669542811
1.23 0.9958425777110708
1.24 1.0005842179692046
1.25 1.0052547968902847
1.26 1.009854026529804
1.27 1.0143816218083506
1.28 1.0188373004831004
1.29 1.0232207831195923
1.3 1.0275317930637846
1.31 1.0317700564143895
1.32 1.035935301995482
1.33 1.040027261329383
1.34 1.044045668609811
1.35 1.0479902606753009
1.36 1.0518607769828883
1.37 1.0556569595820544
1.3800000000000001 1.059378553088931
1.3900000000000001 1.0630253046607616
1.4000000000000001 1.0665969639706177
1.4100000000000001 1.0700932831823649
1.42 1.0735140169258794
1.43 1.0768589222725116
1.44 1.0801277587107918
1.45 1.0833202881223796
1.46 1.0864362747582514
1.47 1.0894754852151263
1.48 1.0924376884121239
1.49 1.0953226555676576
1.5 1.0981301601765554
1.51 1.1008599779874095
1.52 1.103511886980151
1.53 1.1060856673438473
1.54 1.1085811014547213
1.55 1.1109979738543887
1.56 1.1133360712283118
1.57 1.1155951823844683
1.58 1.1177750982322312
1.59 1.1198756117614603
1.6 1.1218965180218008
1.61 1.1238376141021877
1.62 1.125698699110555
1.6300000000000001 1.1274795741537464
1.6400000000000001 1.129180042317625
1.6500000000000001 1.1307999086473826
1.6600000000000001 1.132338980128044
1.6700000000000002 1.1337970656651644
1.68 1.1351739760657213
1.69 1.136469524019194
1.7 1.137683524078832
1.71 1.138815792643112
1.72 1.139866147937375
1.73 1.140834409995651
1.74 1.1417204006426613
1.75 1.1425239434760002
1.76 1.1432448638484958
1.77 1.1438829888507447
1.78 1.1444381472938203
1.79 1.1449101696921549
1.8 1.1452988882465898
1.81 1.145604136827596
1.82 1.1458257509586611
1.83 1.1459635677998414
1.84 1.1460174261314773
1.85 1.145987166338072
1.86 1.1458726303923294
1.87 1.145673661839351
1.8800000000000001 1.1453901057809908
1.8900000000000001 1.1450218088603648
1.9000000000000001 1.1445686192465159
1.9100000000000001 1.14403038661923
1.9200000000000002 1.1434069621540044
1.93 1.1426981985071647
1.94 1.1419039498011305
1.95 1.1410240716098277
1.96 1.1400584209442455
1.97 1.1390068562381377
1.98 1.137869237333866
1.99 1.1366454254683833
2.0 1.1353352832593584
2.01 1.133938674691437
2.02 1.1324554651026402
2.03 1.130885521170898
2.04 1.129228710900717
2.05 1.1274849036099819
2.0599999999999996 1.1256539699168848
2.07 1.1237357817269893
2.0799999999999996 1.1217302122204196
2.09 1.1196371358391786
2.0999999999999996 1.1174564282745925
2.11 1.1151879664548792
2.1199999999999997 1.1128316285328412
2.13 1.1103872938736812
2.1399999999999997 1.107854843042938
2.15 1.105234157794543
2.1599999999999997 1.1025251210589961
2.17 1.0997276169316577
2.1799999999999997 1.096841530661159
2.19 1.0938667486379259
2.1999999999999997 1.090803158382819
2.21 1.087650648535885
2.2199999999999998 1.0844091088452201
2.23 1.081078430155946
2.2399999999999998 1.0776585043992928
2.25 1.0741492245817934
2.26 1.0705504847745835
2.27 1.0668621801028082
2.28 1.0630842067351354
2.29 1.0592164618733715
2.3 1.0552588437421822
2.31 1.0512112515789147
2.32 1.0470735856235214
2.3299999999999996 1.0428457471085837
2.34 1.0385276382494353
2.3499999999999996 1.0341191622343835
2.36 1.0296202232150282
2.3699999999999997 1.0250307262966767
2.38 1.020350577528854
2.3899999999999997 1.0155796838959084
2.4 1.010717953307709
2.4099999999999997 1.0057652945904376
2.42 1.00072161747747
2.4299999999999997 0.9955868326003503
2.44 0.9903608514798534
2.4499999999999997 0.9850435865171373
2.46 0.979634950984983
2.4699999999999998 0.9741348590191218
2.48 0.9685432256096487
2.4899999999999998 0.9628599665925214
2.5 0.9570849986411438
2.51 0.9512182392580334
2.52 0.9452596067665712
2.53 0.9392090203028342
2.54 0.9330663998075088
2.55 0.9268316660178851
2.56 0.9205047404599302
2.57 0.9140855454404408
2.5799999999999996 0.907574004039274
2.59 0.900970040101655
2.5999999999999996 0.894273578230562
2.61 0.8874845437791855
2.6199999999999997 0.8806028628434647
2.63 0.8736284622546963
2.6399999999999997 0.8665612695722177
2.65 0.859401213076163
2.6599999999999997 0.852148221760291
2.67 0.8448022253248842
2.6799999999999997 0.8373631541697192
2.69 0.8298309393871061
2.6999999999999997 0.8222055127549982
2.71 0.8144868067301695
2.7199999999999998 0.8066747544414602
2.73 0.7987692896830898
2.7399999999999998 0.7907703469080362
2.75 0.7826778612214811
2.76 0.7744917683743204
2.77 0.7662120047567395
2.78 0.7578385073918517
2.79 0.7493712139294009
2.8 0.7408100626395265
2.81 0.7321549924065903
2.82 0.7234059427230648
2.8299999999999996 0.7145628536834824
2.84 0.7056256659784448
2.8499999999999996 0.6965943208886923
2.86 0.6874687602792315
2.8699999999999997 0.6782489265935218
2.88 0.6689347628477197
2.8899999999999997 0.6595262126249806
2.9 0.6500232200698167
2.9099999999999997 0.6404257298825117
2.92 0.6307336873135906
2.9299999999999997 0.6209470381583448
2.94 0.6110657287514117
2.9499999999999997 0.6010897059614078
2.96 0.5910189171856156
2.9699999999999998 0.5808533103447238
2.98 0.5705928338776184
2.9899999999999998 0.5602374367362275
3.0 0.5497870683804157
3.01 0.5392416787729304
3.02 0.5286012183743981
3.03 0.5178656381383703
3.04 0.5070348895064186
3.05 0.49610892440327936
3.06 0.48508769523204553
3.07 0.47397115486940733
3.08 0.46275925666093976
3.09 0.451451954416437
3.0999999999999996 0.44004920240529355
3.11 0.428550955351931
3.1199999999999997 0.41695716843127045
3.13 0.40526779726425005
3.1399999999999997 0.393482797913387
3.15 0.38160212687838363
3.1599999999999997 0.36962574109177765
3.17 0.35755359791463504
3.1799999999999997 0.34538565513228625
3.19 0.3331218709501048
3.1999999999999997 0.32076220398932775
3.21 0.30830661328291753
3.2199999999999998 0.29575505827146553
3.23 0.283107498799136
3.2399999999999998 0.2703638951096504
3.25 0.25752420784231184
3.26 0.24458839802806878
3.27 0.23155642708561833
3.28 0.21842825681754793
3.29 0.20520384940651565
3.3 0.19188316741146835
3.31 0.17846617376389767
3.32 0.164952831764133
3.33 0.1513431050776716
3.34 0.13763695773154505
3.3499999999999996 0.12383435411072197
3.36 0.10993525895454642
3.3699999999999997 0.0959396373532119
3.38 0.08184745474427024
3.3899999999999997 0.0676586769091754
3.4 0.05337326996986158
3.4099999999999997 0.038991200385355335
3.42 0.024512434948421494
3.4299999999999997 0.009936940782242398
3.44 -0.004735314662869812
3.4499999999999997 -0.019504363612728184
3.46 -0.034370237972493584
3.4699999999999998 -0.0493329693298652
3.48 -0.06439258895823939
3.4899999999999998 -0.07954912781983699
3.5 -0.0948026165687996
3.51 -0.11015308555425503
3.52 -0.12560056482335222
3.53 -0.14114508412426596
3.54 -0.15678667290917178
3.55 -0.17252536033719115
3.56 -0.18836117527730745
3.57 -0.20429414631125284
3.58 -0.22032430173636652
3.59 -0.2364516695684245
3.5999999999999996 -0.2526762775444411
3.61 -0.2689981531254428
3.6199999999999997 -0.28541732349921417
3.63 -0.30193381558301696
3.6399999999999997 -0.3185476560262816
3.65 -0.33525887121327225
3.6599999999999997 -0.35206748726572534
3.67 -0.36897353004546163
3.6799999999999997 -0.3859770251569724
3.69 -0.4030779979499801
3.6999999999999997 -0.42027647352197317
3.71 -0.4375724767207158
3.7199999999999998 -0.4549660321467329
3.73 -0.4724571641557701
3.7399999999999998 -0.4900458968612291
3.75 -0.5077322541365795
3.76 -0.5255162596177458
3.77 -0.5433979367054711
3.78 -0.5613773085676572
3.79 -0.5794543981416814
3.8 -0.5976292281366905
3.81 -0.6159018210358712
3.82 -0.634272199098699
3.83 -0.6527403843631638
3.84 -0.6713063986479739
3.8499999999999996 -0.6899702635547378
3.86 -0.7087320004701243
3.8699999999999997 -0.7275916305680015
3.88 -0.7465491748115538
3.8899999999999997 -0.7656046539553785
3.9 -0.7847580885475612
3.9099999999999997 -0.8040094989317308
3.92 -0.8233589052490934
3.9299999999999997 -0.8428063274404469
3.94 -0.862351785248175
3.9499999999999997 -0.8819952982182213
3.96 -0.9017368857020441
3.9699999999999998 -0.9215765668585515
3.98 -0.9415143606560171
3.9899999999999998 -0.9615502858739773
4.0 -0.9816843611051087
4.01 -1.0019166047570878
4.02 -1.0222470350544317
4.03 -1.0426756700403206
4.04 -1.0632025275784018
4.05 -1.0838276253545764
4.06 -1.1045509808787681
4.07 -1.1253726114866738
4.08 -1.1462925343414971
4.09 -1.1673107664356654
4.1 -1.188427324592528
4.109999999999999 -1.2096422254680397
4.12 -1.2309554855524252
4.13 -1.252367121171829
4.14 -1.2738771484899478
4.1499999999999995 -1.2954855835096468
4.16 -1.31719244207456
4.17 -1.3389977398706745
4.18 -1.3609014924278995
4.1899999999999995 -1.3829037151216188
4.2 -1.4050044231742285
4.21 -1.4272036316566594
4.22 -1.4495013554898843
4.2299999999999995 -1.4718976094464096
4.24 -1.4943924081517528
4.25 -1.516985766085905
4.26 -1.539677697584779
4.27 -1.5624682168416433
4.28 -1.5853573379085404
4.29 -1.608345074697693
4.3 -1.631431440982895
4.31 -1.654616450400888
4.32 -1.6779001164527267
4.33 -1.7012824525051278
4.34 -1.7247634717918066
4.35 -1.748343187414801
4.36 -1.7720216123457813
4.37 -1.7957987594273477
4.38 -1.8196746413743143
4.39 -1.8436492707749808
4.3999999999999995 -1.8677226600923909
4.41 -1.8918948216655793
4.42 -1.9161657677108053
4.43 -1.940535510322774
4.4399999999999995 -1.9650040614758462
4.45 -1.9895714330252363
4.46 -2.014237636708197
4.47 -2.0390026841451934
4.4799999999999995 -2.063866586841065
4.49 -2.0888293561861766
4.5 -2.113891003457556
4.51 -2.139051539820024
4.52 -2.1643109763273087
4.53 -2.189669323923152
4.54 -2.2151265934424043
4.55 -2.240682795612106
4.56 -2.2663379410525635
4.57 -2.292092040278408
4.58 -2.317945103699649
4.59 -2.3438971416227137
4.6 -2.3699481642514804
4.61 -2.396098181688296
4.62 -2.422347203934987
4.63 -2.448695240893861
4.64 -2.475142302368696
4.6499999999999995 -2.5016883980657196
4.66 -2.528333537594582
4.67 -2.5550777304693155
4.68 -2.5819209861092856
4.6899999999999995 -2.6088633138401343
4.7 -2.6359047228947117
4.71 -2.663045222413999
4.72 -2.690284821448024
4.7299999999999995 -2.7176235289567647
4.74 -2.7450613538110455
4.75 -2.7725983047934255
4.76 -2.8002343905990754
4.77 -2.8279696198366473
4.78 -2.855804001029136
4.79 -2.883737542614731
4.8 -2.9117702529476603
4.81 -2.9399021402990266
4.82 -2.968133212857633
4.83 -2.9964634787308033
4.84 -3.024892945945191
4.85 -3.053421622447584
4.86 -3.082049516105698
4.87 -3.1107766347089645
4.88 -3.139602985969307
4.89 -3.168528577521916
4.8999999999999995 -3.1975534169260094
4.91 -3.22667751166559
4.92 -3.2559008691501936
4.93 -3.2852234967156297
4.9399999999999995 -3.3146454016247153
4.95 -3.344166591068001
4.96 -3.3737870721644914
4.97 -3.403506851962354
4.9799999999999995 -3.433325937439627
4.99 -3.463244335504916
5.0 -3.493262052998084
5.01 -3.5233790966909364
5.02 -3.553595473287899
5.03 -3.5839111894266873
5.04 -3.614326251678969
5.05 -3.644840666551024
5.06 -3.675454440484393
5.07 -3.7061675798565226
5.08 -3.7369800909814024
5.09 -3.767891980110197
5.1 -3.7989032534318716
5.11 -3.8300139170738086
5.12 -3.861223977102423
5.13 -3.8925334395237674
5.14 -3.923942310284134
5.1499999999999995 -3.955450595270648
5.16 -3.987058300311856
5.17 -4.018765431178311
5.18 -4.050571993583146
5.1899999999999995 -4.08247799318265
5.2 -4.114483435576829
5.21 -4.146588326309968
5.22 -4.178792670871187
5.2299999999999995 -4.211096474694987
5.24 -4.243499743161795
5.25 -4.276002481598503
5.26 -4.308604695278998
5.27 -4.341306389424691
5.28 -4.374107569205041
5.29 -4.407008239738067
5.3 -4.4400084060908656
5.31 -4.473108073280114
5.32 -4.506307246272573
5.33 -4.539605929985581
5.34 -4.573004129287551
5.35 -4.6065018489984535
5.36 -4.640099093890299
5.37 -4.673795868687616
5.38 -4.707592178067924
5.39 -4.741488026662198
5.3999999999999995 -4.7754834190553375
5.41 -4.809578359786618
5.42 -4.843772853350152
5.43 -4.878066904195331
5.4399999999999995 -4.912460516727276
5.45 -4.946953695307279
5.46 -4.981546444253232
5.47 -5.016238767840067
