0 0
-0.01 -0.009999832916666666
-0.02 -0.019998659974930416
-0.03 -0.029995466049037904
-0.04 -0.039989225811052354
-0.05 -0.04997890362831991
-0.060000000000000005 -0.0599634534599055
-0.06999999999999999 -0.0699418187519879
-0.08 -0.07991293233220344
-0.09 -0.08987571630292786
-0.09999999999999999 -0.09982908193348572
-0.11 -0.10977192955127635
-0.12 -0.11970314843180574
-0.13 -0.1296216166876131
-0.14 -0.13952620115608122
-0.15000000000000002 -0.14941575728611928
-0.16 -0.15928912902370673
-0.17 -0.16914514869628697
-0.18000000000000002 -0.17898263689599908
-0.19 -0.18880040236173612
-0.2 -0.19859724186001795
-0.21000000000000002 -0.20837194006466697
-0.22 -0.21812326943527435
-0.23 -0.22784999009444512
-0.24000000000000002 -0.2375508497038093
-0.25 -0.24722458333878705
-0.26 -0.25686991336209514
-0.27 -0.2664855492959822
-0.28 -0.27607018769317987
-0.29000000000000004 -0.28562251200655686
-0.3 -0.2951411924574633
-0.31 -0.3046248859027517
-0.32 -0.31407223570046156
-0.33 -0.3234818715741539
-0.34 -0.33285240947588274
-0.35000000000000003 -0.3421824514477888
-0.36000000000000004 -0.35147058548230287
-0.37 -0.36071538538094366
-0.38 -0.36991541061169697
-0.39 -0.37906920616496104
-0.4 -0.3881753024080446
-0.41000000000000003 -0.3972322149382022
-0.42000000000000004 -0.4062384444341929
-0.43 -0.4151924765063466
-0.44 -0.4240927815451242
-0.45 -0.43293781456815494
-0.46 -0.4417260150657373
-0.47000000000000003 -0.4504558068447863
-0.48000000000000004 -0.4591255978712133
-0.49 -0.467733780110721
-0.5 -0.47627872936799864
-0.51 -0.4847588051243014
-0.52 -0.49317235037339685
-0.53 -0.501517691455863
-0.54 -0.5097931378917212
-0.55 -0.5179969822113865
-0.56 -0.5261274997849191
-0.5700000000000001 -0.5341829486495606
-0.5800000000000001 -0.5421615693355355
-0.59 -0.5500615846901031
-0.6 -0.557881199699841
-0.61 -0.5656186013111415
-0.62 -0.5732719582489056
-0.63 -0.5808394208334136
-0.64 -0.5883191207953551
-0.65 -0.5957091710890016
-0.66 -0.6030076657034992
-0.67 -0.6102126794722669
-0.68 -0.6173222678804775
-0.6900000000000001 -0.6243344668706052
-0.7000000000000001 -0.6312472926460179
-0.7100000000000001 -0.6380587414725954
-0.72 -0.6447667894783556
-0.73 -0.6513693924510642
-0.74 -0.6578644856338125
-0.75 -0.6642499835185401
-0.76 -0.6705237796374821
-0.77 -0.6766837463525204
-0.78 -0.6827277346424183
-0.79 -0.6886535738879169
-0.8 -0.694459071654671
-0.81 -0.7001420134740037
-0.8200000000000001 -0.7057001626214581
-0.8300000000000001 -0.7111312598931225
-0.8400000000000001 -0.7164330233797089
-0.85 -0.7216031482383594
-0.86 -0.72663930646216
-0.87 -0.7315391466473389
-0.88 -0.7363002937581229
-0.89 -0.7409203488892327
-0.9 -0.7453968890259903
-0.91 -0.7497274668020151
-0.92 -0.7539096102544854
-0.93 -0.7579408225769404
-0.9400000000000001 -0.761818581869597
-0.9500000000000001 -0.7655403408871578
-0.9600000000000001 -0.7691035267840849
-0.97 -0.7725055408573126
-0.98 -0.7757437582863752
-0.99 -0.7788155278709229
-1.0 -0.7817181717655993
-1.01 -0.7844489852122548
-1.02 -0.7870052362694684
-1.03 -0.7893841655393514
-1.04 -0.7915829858916054
-1.05 -0.7935988821848066
-1.06 -0.7954290109848896
-1.07 -0.7970705002808016
-1.08 -0.7985204491972989
-1.09 -0.7997759277048568
-1.1 -0.8008339763266644
-1.11 -0.8016916058426743
-1.12 -0.8023457969906782
-1.1300000000000001 -0.8027935001643781
-1.1400000000000001 -0.8030316351084232
-1.1500000000000001 -0.8030570906103819
-1.1600000000000001 -0.8028667241896176
-1.17 -0.8024573617830384
-1.18 -0.801825797427688
-1.19 -0.8009687929401466
-1.2 -0.79988307759271
-1.21 -0.7985653477863144
-1.22 -0.7970122667201729
-1.23 -0.7952204640580935
-1.24 -0.7931865355914425
-1.25 -0.7909070428987202
-1.26 -0.7883785130017166
-1.27 -0.7855974380182104
-1.28 -0.7825602748111778
-1.29 -0.779263444634476
-1.3 -0.7757033327749656
-1.31 -0.7718762881910359
-1.32 -0.7677786231474981
-1.33 -0.7634066128468088
-1.34 -0.7587564950565866
-1.35 -0.7538244697333863
-1.36 -0.7486066986426912
-1.37 -0.7430993049750863
-1.3800000000000001 -0.7372983729585739
-1.3900000000000001 -0.7311999474669941
-1.4000000000000001 -0.7248000336245078
-1.4100000000000001 -0.7180945964061064
-1.42 -0.7110795602341058
-1.43 -0.703750808570585
-1.44 -0.6961041835057296
-1.45 -0.6881354853420362
-1.46 -0.6798404721743402
-1.47 -0.6712148594656212
-1.48 -0.662254319618546
-1.49 -0.652954481542705
-1.5 -0.6433109302174996
-1.51 -0.6333192062506368
-1.52 -0.6229748054321855
-1.53 -0.6122731782841527
-1.54 -0.6012097296055312
-1.55 -0.5897798180127758
-1.56 -0.5779787554756612
-1.57 -0.5658018068484754
-1.58 -0.5532441893965003
-1.59 -0.5403010723177352
-1.6 -0.5269675762598117
-1.61 -0.5132387728320553
-1.62 -0.4991096841126416
-1.6300000000000001 -0.48457528215080004
-1.6400000000000001 -0.4696304884640148
-1.6500000000000001 -0.45427017353017224
-1.6600000000000001 -0.4384891562746045
-1.6700000000000002 -0.4222822035519775
-1.68 -0.4056440296229722
-1.69 -0.38856929562570636
-1.7 -0.3710526090418437
-1.71 -0.35308852315733763
-1.72 -0.33467153651775544
-1.73 -0.3157960923781281
-1.74 -0.2964565781472712
-1.75 -0.2766473248265212
-1.76 -0.25636260644283076
-1.77 -0.2355966394761667
-1.78 -0.21434358228115322
-1.79 -0.19259753450290235
-1.8 -0.17035253648697374
-1.81 -0.14760256868340413
-1.82 -0.12434155104474737
-1.83 -0.10056334241806458
-1.84 -0.07626173993080376
-1.85 -0.0514304783705074
-1.86 -0.02606322955828593
-1.87 -0.00015360171599465566
-1.8800000000000001 0.026304861172949466
-1.8900000000000001 0.05331868000917482
-1.9000000000000001 0.08089444122945064
-1.9100000000000001 0.10903879746533615
-1.9200000000000002 0.13775846820844934
-1.93 0.16706024048242163
-1.94 0.19695096952160596
-1.95 0.22743757945660592
-1.96 0.25852706400669456
-1.97 0.2902264871791921
-1.98 0.32254298397587267
-1.99 0.3554837611064704
-2.0 0.38905609770935634
-2.01 0.4232673460794584
-2.02 0.45812493240349683
-2.03 0.4936363575026094
-2.04 0.5298091975824395
-2.05 0.5666511049907631
-2.0599999999999996 0.6041698089827299
-2.07 0.6423731164937952
-2.0799999999999996 0.6812689129204202
-2.09 0.720865162908618
-2.0999999999999996 0.7611699111504248
-2.11 0.8021912831883758
-2.1199999999999997 0.8439374862280667
-2.13 0.8864168099588805
-2.1399999999999997 0.9296376273829634
-2.15 0.9736083956525324
-2.1599999999999997 1.0183376569155973
-2.17 1.0638340391701826
-2.1799999999999997 1.1101062571271345
-2.19 1.1571631130815994
-2.1999999999999997 1.2050134977932605
-2.21 1.2536663913754214
-2.2199999999999998 1.3031308641930246
-2.23 1.3534160777696964
-2.2399999999999998 1.4045312857039056
-2.25 1.4564858345943321
-2.26 1.5092891649745341
-2.27 1.5629508122570095
-2.28 1.6174804076867448
-2.29 1.6728876793043481
-2.3 1.7291824529188606
-2.31 1.7863746530903466
-2.32 1.844474304122357
-2.3299999999999996 1.9034915310643683
-2.34 1.963436560724296
-2.3499999999999996 2.024319722691184
-2.36 2.0861514503681717
-2.3699999999999997 2.1489422820158435
-2.38 2.212702861806063
-2.3899999999999997 2.2774439408864007
-2.4 2.343176378455255
-2.4099999999999997 2.4099111428477835
-2.42 2.4776593126327446
-2.4299999999999997 2.5464320777203637
-2.44 2.616240740481334
-2.4499999999999997 2.6870967168770616
-2.46 2.7590115376012734
-2.4699999999999998 2.831996849233094
-2.48 2.906064415401714
-2.4899999999999998 2.981226117962764
-2.5 3.057493958186508
-2.51 3.1348800579579814
-2.52 3.2133966609891895
-2.53 3.2930561340434896
-2.54 3.3738709681722767
-2.55 3.455853779964099
-2.56 3.539017312806328
-2.57 3.6233744381595074
-2.5799999999999996 3.7089381568445106
-2.59 3.7957216003426315
-2.5999999999999996 3.8837380321087465
-2.61 3.973000848897669
-2.6199999999999997 4.063523582103836
-2.63 4.1553198991144615
-2.6399999999999997 4.248403604676282
-2.65 4.342788642276048
-2.6599999999999997 4.438489095534878
-2.67 4.5355191896166405
-2.6799999999999997 4.633893292650473
-2.69 4.733625917167615
-2.6999999999999997 4.834731721552667
-2.71 4.937225511509446
-2.7199999999999998 5.041122241541566
