2 2.71828
2.1 2.8541939085770784
2.2 2.9967390746077327
2.3000000000000003 3.1462388573722135
2.4 3.3030320437137655
2.5 3.4674736106839417
2.6 3.639935520794327
2.7 3.8208075521975955
2.8000000000000003 4.010498166054152
2.9 4.20943541331617
3.0 4.418067883167849
3.1 4.6368656953917595
3.2 4.866321538981148
3.3000000000000003 5.106951759383396
3.4 5.359297496838049
3.5000000000000004 5.623925878362123
3.6 5.901431266034646
3.7 6.192436564340648
3.8000000000000003 6.497594589451675
3.9 6.817589503444916
4.0 7.153138316596066
4.1 7.504992461022102
4.199999999999999 7.873939439099135
4.3 8.260804550237683
4.4 8.666452699763141
4.5 9.091790293823193
4.6 9.537767224426727
4.699999999999999 10.005378948910655
4.8 10.495668668332442
4.9 11.00972960949728
5.0 11.548707415550323
5.1 12.113802650296522
5.199999999999999 12.706273421653806
5.3 13.32743812990037
5.4 13.978678346643846
5.5 14.661441830719998
5.6 15.37724568752169
5.699999999999999 16.12767967856593
5.8 16.914409688428403
5.9 17.739181356511754
6.0 18.603823881466717
6.1 19.510254006454637
6.2 20.460480193826946
6.3 21.456606998202407
6.3999999999999995 22.50083964734734
6.5 23.595488840708555
6.6 24.742975775914083
6.7 25.945837414044338
6.8 27.206731994986658
6.9 28.52844481472076
7.0 29.913894276942354
7.1 31.366138232018297
7.2 32.88838061688046
7.3 34.48397841010817
7.4 36.15644891712218
7.5 37.90947740111778
7.6 39.746925076102805
7.7 41.67283747917876
7.8 43.691453240012876
7.9 45.8072132662958
8.0 48.02477036486712
8.1 50.34899931911994
8.200000000000001 52.785007444268246
8.299999999999999 55.33814564307989
8.4 58.0140199857441
8.5 60.81850383865964
8.6 63.75775056809891
8.700000000000001 66.83820684592791
8.799999999999999 70.06662658584395
8.9 73.45008553993561
9.0 76.99599658677519
9.1 80.71212574372532
9.200000000000001 84.60660893768316
9.299999999999999 88.68796957009862
9.4 92.96513691379305
9.5 97.44746538087375
9.6 102.14475470289182
9.700000000000001 107.06727106633052
9.799999999999999 112.22576924854197
9.9 117.63151580137601
10.0 123.2963133319715
10.1 129.232525932511
10.2 135.45310581318037
10.3 141.97162119513018
10.4 148.802285522911
10.5 155.95998805865605
10.6 163.4603259232173
10.7 171.31963765253226
10.8 179.55503834071308
10.9 188.18445644471657
11.0 197.22667232897746
11.1 206.70135863207742
11.2 216.62912254138595
11.3 227.03155006565368
11.4 237.93125239977383
11.5 249.35191448036153
11.6 261.3183458354425
11.700000000000001 273.856533836403
11.8 286.9936994654412
11.9 300.758355717088
