2 2.71828
2.05 2.7862369542885395
2.0999999999999996 2.855871942193526
2.15 2.927226392607971
2.1999999999999997 3.0003427454128913
2.25 3.075264476670119
2.3 3.1520361243890767
2.3499999999999996 3.2307033148862025
2.4 3.311312789755579
2.4499999999999997 3.3939124334692155
2.5 3.4785513016254517
2.55 3.5652796498640145
2.5999999999999996 3.6541489634663686
2.65 3.7452119876601846
2.6999999999999997 3.8385227586469495
2.75 3.9341366353720004
2.8 4.0321103320565435
2.8499999999999996 4.132501951511532
2.9 4.235371019253625
2.9499999999999997 4.340778518443813
3.0 4.448786925669684
3.05 4.559460247592741
3.0999999999999996 4.6728640584825705
3.15 4.789065538660186
3.2 4.908133513873272
3.25 5.0301384956266215
3.3 5.155152722491511
3.3499999999999996 5.283250202418333
3.4 5.414506756077335
3.45 5.549000061252888
3.5 5.686809698317286
3.55 5.8280171968107
3.5999999999999996 5.972706083154499
3.65 6.120961929525825
3.7 6.272872403921931
3.75 6.428527321443503
3.8 6.588018696826833
3.8499999999999996 6.75144079825547
3.9 6.9188902024826735
3.95 7.090465851296745
4.0 7.266269109362111
4.05 7.4464038234697725
4.1000000000000005 7.630976383231587
4.1499999999999995 7.820095783253655
4.2 8.013873686824933
4.25 8.212424491158083
4.3 8.41586539422044
4.3500000000000005 8.624316463193903
4.3999999999999995 8.83790070460351
4.45 9.056744136155379
4.5 9.28097586032573
4.55 9.51072813974367
4.6000000000000005 9.746136474411482
4.6499999999999995 9.987339680807228
4.7 10.234479972915508
4.75 10.487703045233417
4.8 10.747158157799785
4.8500000000000005 11.012998223297034
4.8999999999999995 11.28537989627614
4.95 11.564463664556401
5.0 11.850413942853015
5.05 12.143399168686718
5.1000000000000005 12.443591900631064
5.1499999999999995 12.751168918954264
5.2 13.066311328713919
5.25 13.389204665364359
5.3 13.720039002937765
5.3500000000000005 14.059009064861748
5.3999999999999995 14.406314337477548
5.45 14.762159186324642
5.5 15.126752975259045
5.55 15.50031018847433
5.6000000000000005 15.883050555495988
5.6499999999999995 16.27519917922152
5.7 16.676986667080367
5.75 17.08864926538962
5.8 17.51042899698328
5.8500000000000005 17.94257380219472
5.8999999999999995 18.385337683273953
5.95 18.838980852323303
6.0 19.303769882837027
6.05 19.77997786493266
6.1 20.26788456436384
6.15 20.76777658540663
6.2 21.27994753771358
6.25 21.804698207232047
6.3 22.342336731285656
6.35 22.89317877792013
6.4 23.457547729617286
6.45 24.035774871483365
6.5 24.628199584020628
6.55 25.235169540593574
6.6 25.857040909704075
6.65 26.494178562192303
6.7 27.146956283483277
6.75 27.81575699100173
6.8 28.500972956880986
6.8500000000000005 29.203006036094568
6.9 29.922267900142426
6.95 30.659180276426824
7.0 31.41417519345624
7.05 32.187695232019024
7.1000000000000005 32.98019378247186
7.15 33.792135308291826
7.2 34.62399561604426
7.25 35.476262131922425
7.3 36.34943418501871
7.3500000000000005 37.24402329749108
7.4 38.16055348179238
7.45 39.099561545134044
7.5 40.06159740136034
7.55 41.047224390412964
7.6000000000000005 42.057019605570744
7.65 43.09157422865324
7.7 44.151493873381966
7.75 45.23739893709733
7.8 46.34992496103455
7.8500000000000005 47.4897229993664
7.9 48.657459997225914
7.95 49.8538191779273
8.0 51.079500439608516
8.05 52.33522076152454
8.100000000000001 53.62171462022574
8.150000000000002 54.93973441586167
8.200000000000001 56.290050908856216
8.25 57.673453667206125
8.3 59.09075152466106
8.350000000000001 60.542773050049526
8.400000000000002 62.03036702802148
8.450000000000001 63.554402951484974
8.5 65.11577152602098
8.55 66.7153851865673
8.600000000000001 68.35417862666972
8.650000000000002 70.0331093406056
8.700000000000001 71.75315817869266
8.75 73.51532991610318
8.8 75.32065383551178
8.850000000000001 77.17018432391262
8.900000000000002 79.06500148395034
8.950000000000001 81.00621176011717
9.0 82.99494858017728
9.05 85.03237301218824
9.100000000000001 87.11967443749838
9.150000000000002 89.25807124010788
9.200000000000001 91.44881151279134
9.25 93.69317378038846
9.3 95.99246774068007
9.350000000000001 98.34803502327625
9.400000000000002 100.76124996695427
9.450000000000001 103.23352041589395
9.5 105.76628853526964
9.55 108.36103164666861
9.600000000000001 111.01926308381724
9.650000000000002 113.74253306910822
9.700000000000001 116.5324296114336
9.75 119.39057942584112
9.8 122.31864887554347
9.850000000000001 125.31834493682331
9.900000000000002 128.3914161873897
9.950000000000001 131.53965381875545
10.0 134.76489267321827
10.05 138.06901230604313
10.100000000000001 141.4539380734575
10.15 144.92164224708594
10.200000000000001 148.47414515546612
10.250000000000002 152.113516353303
10.3 155.84187581913508
10.350000000000001 159.6613951821019
10.4 163.574298978519
10.450000000000001 167.5828659389842
10.500000000000002 171.6894303067557
10.55 175.89638318816105
10.600000000000001 180.20617393581458
10.65 184.62131156543902
10.700000000000001 189.14436620710708
10.750000000000002 193.7779705917381
10.8 198.52482157370522
10.850000000000001 203.3876816904294
10.9 208.3693807598576
10.950000000000001 213.4728175167444
11.000000000000002 218.70096128867868
11.05 224.0568537128192
11.100000000000001 229.54361049432737
11.15 235.16442320750846
11.200000000000001 240.9225611406974
11.250000000000002 246.82137318595048
11.3 252.86428977462987
11.350000000000001 259.05482485999437
11.4 265.39657794793663
11.450000000000001 271.89323617703457
11.500000000000002 278.5485764491134
11.55 285.36646761154367
11.600000000000001 292.3508726925297
11.650000000000002 299.5058511906742
11.700000000000001 306.83556142013515
11.750000000000002 314.3442629127237
11.8 322.0363188783236
11.850000000000001 329.916198725047
11.900000000000002 337.9884806405757
11.950000000000001 346.2578542361703
