2 2.71828
2.01 2.731871390857708
2.0199999999999996 2.745530569295914
2.03 2.7592578734056743
2.0399999999999996 2.773053642960127
2.05 2.7869182194229007
2.0599999999999996 2.8008519459565657
2.07 2.814855167431125
2.0799999999999996 2.8289282304325476
2.09 2.8430714832713444
2.0999999999999996 2.857285275991184
2.11 2.871569960377554
2.1199999999999997 2.885925889966461
2.13 2.9003534200531753
2.1399999999999997 2.914852907701021
2.15 2.9294247117502032
2.1599999999999997 2.944069192826685
2.17 2.9587867133511034
2.1799999999999997 2.9735776375477316
2.19 2.9884423314534847
2.1999999999999997 3.00338116292697
2.21 3.018394501657582
2.2199999999999998 3.033482719174639
2.23 3.048646188856572
2.2399999999999998 3.0638852859401497
2.25 3.0792003875297573
2.26 3.0945918726067156
2.2699999999999996 3.110060122038648
2.28 3.125605518588893
2.29 3.141228446925965
2.3 3.15692929363306
2.3099999999999996 3.172708447217608
2.32 3.1885662981208736
2.3299999999999996 3.204503238727604
2.34 3.220519663375723
2.3499999999999996 3.236615968366077
2.36 3.2527925519722234
2.3699999999999997 3.2690498144502715
2.38 3.2853881580487707
2.3899999999999997 3.3018079870186487
2.4 3.318309707623196
2.4099999999999997 3.334893728148104
2.42 3.3515604589115484
2.4299999999999997 3.368310312274325
2.44 3.385143702650037
2.4499999999999997 3.402061046515328
2.46 3.41906276242017
2.4699999999999998 3.4361492709982016
2.48 3.453320994977115
2.4899999999999998 3.4705783591890977
2.5 3.487921790581323
2.51 3.505351718226495
2.5199999999999996 3.5228685733334424
2.53 3.5404727892577696
2.54 3.558164801512557
2.55 3.575945047779113
2.5599999999999996 3.593813967917786
2.57 3.611772003978821
2.58 3.6298196002132777
2.59 3.647957203083998
2.5999999999999996 3.66618526127663
2.61 3.6845042257107057
2.6199999999999997 3.702914549550774
2.63 3.7214166882175896
2.6399999999999997 3.7400110993993563
2.65 3.7586982430630256
2.6599999999999997 3.7774785814656537
2.67 3.796352579165813
2.6799999999999997 3.8153207030350584
2.69 3.834383422269457
2.6999999999999997 3.8535412084011664
2.71 3.872794535310077
2.7199999999999998 3.892143879235509
2.7299999999999995 3.911589718787969
2.7399999999999998 3.931132534960962
2.75 3.950772811142868
2.76 3.97051103312887
2.7699999999999996 3.990347689132947
2.78 4.010283269799924
2.79 4.030318268217583
2.8 4.05045317992883
2.8099999999999996 4.070688502943933
2.82 4.091024737752806
2.83 4.111462387337366
2.84 4.132001957183944
2.8499999999999996 4.1526439552957655
2.86 4.173388892205483
2.8699999999999997 4.194237280987778
2.88 4.215189637272023
2.8899999999999997 4.2362464792550085
2.9 4.257408327713728
2.9099999999999997 4.278675706018234
2.92 4.30004914014455
2.9299999999999997 4.321529158687653
2.94 4.34311629287452
2.9499999999999997 4.364811076577232
2.96 4.386614046326152
2.9699999999999998 4.408525741323163
2.9799999999999995 4.430546703454978
2.9899999999999998 4.452677477306507
3.0 4.474918610174295
3.01 4.497270652080032
3.0199999999999996 4.519734155784121
3.03 4.542309676799318
3.04 4.564997773404441
3.05 4.587799006658143
3.0599999999999996 4.610713940412758
3.07 4.633743141328214
3.08 4.656887178886013
3.09 4.6801466254032835
3.0999999999999996 4.703522056046903
3.11 4.727014048847685
3.12 4.750623184714645
3.13 4.774350047449334
3.1399999999999997 4.798195223760239
3.15 4.822159303277261
3.16 4.846242878566261
3.17 4.870446545143681
3.1799999999999997 4.8947709014912375
3.1899999999999995 4.919216549070685
3.1999999999999997 4.9437840923386585
3.21 4.9684741387615805
3.2199999999999998 4.993287298830654
3.2299999999999995 5.018224186076921
3.2399999999999998 5.043285417086398
3.25 5.068471611515291
3.26 5.093783392105277
3.2699999999999996 5.119221384698875
3.28 5.144786218254878
3.29 5.170478524863875
3.3 5.196298939763841
3.3099999999999996 5.222248101355809
3.32 5.248326651219619
3.33 5.274535234129748
3.34 5.30087449807121
3.3499999999999996 5.3273450942555485
3.36 5.353947677136893
3.37 5.38068290442811
3.38 5.407551437117026
3.3899999999999997 5.434553939482729
3.4 5.461691079111961
3.41 5.4889635269155805
3.42 5.516371957145118
3.4299999999999997 5.543917047409403
3.4399999999999995 5.57159947869128
3.4499999999999997 5.59941993536441
3.46 5.627379105210148
3.4699999999999998 5.655477679434508
3.4799999999999995 5.6837163526852175
3.4899999999999998 5.7120958230688474
3.5 5.740616792168034
3.51 5.769279965058786
3.5199999999999996 5.798086050327871
3.53 5.8270357600902996
3.54 5.856129810006886
3.55 5.8853689193019
3.5599999999999996 5.914753810780813
3.57 5.944285210848119
3.58 5.973963849525256
3.59 6.003790460468609
3.5999999999999996 6.03376578098761
3.61 6.0638905520629205
3.62 6.094165518364707
3.63 6.12459142827101
3.6399999999999997 6.155169033886203
3.65 6.185899091059539
3.66 6.216782359403794
3.67 6.247819602314008
3.6799999999999997 6.2790115869863055
3.6899999999999995 6.310359084436819
3.6999999999999997 6.341862869520711
3.71 6.373523720951277
3.7199999999999998 6.405342421319155
3.7299999999999995 6.437319757111626
3.7399999999999998 6.469456518732014
3.75 6.501753500519174
3.76 6.534211500767087
3.7699999999999996 6.566831321744549
3.78 6.599613769714952
3.79 6.6325596549561725
3.8 6.665669791780555
3.8099999999999996 6.698944998554993
3.82 6.732386097721113
3.83 6.765993915815555
3.84 6.7997692834903605
3.8499999999999996 6.833713035533455
3.86 6.867826010889234
3.87 6.902109052679258
3.88 6.936563008223039
3.8899999999999997 6.971188729058939
3.9 7.005987070965172
3.91 7.040958893980903
3.92 7.076105062427465
3.9299999999999997 7.111426444929666
3.9399999999999995 7.146923914437214
3.9499999999999997 7.182598348246245
3.96 7.218450628020954
3.9699999999999998 7.254481639815342
3.9799999999999995 7.290692274095062
3.9899999999999998 7.32708342575938
4.0 7.363655994163242
4.01 7.400410883139454
4.02 7.437349001020968
4.029999999999999 7.474471260663283
4.04 7.511778579466954
4.05 7.549271879400215
4.06 7.5869520870217135
4.07 7.624820133503362
4.08 7.662876954653295
4.09 7.701123490938947
4.1 7.739560687510246
4.109999999999999 7.778189494222914
4.119999999999999 7.817010865661896
4.13 7.856025761164891
4.14 7.895235144846016
4.15 7.934639985619571
4.16 7.9742412572239365
4.17 8.014039938245583
4.18 8.054037012143198
4.1899999999999995 8.09423346727194
4.199999999999999 8.134630296907806
4.21 8.175228499272126
4.22 8.216029077556174
4.23 8.257033039945902
4.24 8.298241399646809
4.25 8.339655174908911
4.26 8.381275389051856
4.27 8.423103070490157
4.279999999999999 8.465139252758544
4.29 8.507384974537448
4.3 8.549841279678617
4.3100000000000005 8.59250921723085
4.32 8.63538984146586
4.33 8.678484211904276
4.34 8.72179339334176
4.35 8.765318455875263
4.359999999999999 8.809060474929408
4.369999999999999 8.85302053128301
4.38 8.897199711095716
4.39 8.941599105934795
4.4 8.986219812802043
4.41 9.03106293416083
4.42 9.076129577963291
4.43 9.12142085767763
4.4399999999999995 9.166937892315582
4.449999999999999 9.21268180646
4.46 9.258653730292576
4.47 9.304854799621717
4.48 9.351286155910538
4.49 9.397948946305009
4.5 9.444844323662236
4.51 9.491973446578884
4.52 9.539337479419741
4.529999999999999 9.586937592346429
4.54 9.634774961346245
4.55 9.682850768261162
4.5600000000000005 9.73116620081696
4.57 9.779722452652514
4.58 9.828520723349216
4.59 9.877562218460552
4.6 9.926848149541822
4.609999999999999 9.97637973418001
4.619999999999999 10.026158196023802
4.63 10.076184764813751
4.64 10.126460676412599
4.65 10.176987172835734
4.66 10.227765502281821
4.67 10.27879691916357
4.68 10.330082684138656
4.6899999999999995 10.381624064140803
4.699999999999999 10.433422332411018
4.71 10.485478768528973
4.72 10.537794658444554
4.73 10.590371294509566
4.74 10.643209975509585
4.75 10.69631200669598
4.76 10.749678699818089
4.77 10.803311373155559
4.779999999999999 10.857211351550838
4.79 10.91137996644184
4.8 10.965818555894765
4.8100000000000005 11.020528464637083
4.82 11.075511044090685
4.83 11.130767652405199
4.84 11.186299654491464
4.85 11.242108422055185
4.859999999999999 11.29819533363074
4.869999999999999 11.354561774615167
4.88 11.41120913730231
4.89 11.468138820917142
4.9 11.525352231650263
4.91 11.582850782692555
4.92 11.640635894270018
4.93 11.698708993678785
4.9399999999999995 11.757071515320304
4.949999999999999 11.81572490073669
4.96 11.874670598646265
4.97 11.933910064979267
4.98 11.99344476291374
4.99 12.053276162911597
5.0 12.113405742754873
5.01 12.173834987582143
5.02 12.234565389925137
5.029999999999999 12.29559844974553
5.04 12.356935674471908
5.05 12.418578579036932
5.0600000000000005 12.48052868591468
5.07 12.542787525158165
5.08 12.605356634437062
5.09 12.668237559075601
5.1 12.731431852090664
5.109999999999999 12.794941074230053
5.119999999999999 12.858766794010974
5.13 12.922910587758691
5.14 12.987374039645381
5.15 13.052158741729182
5.16 13.117266293993433
5.17 13.182698304386111
5.18 13.248456388859465
5.1899999999999995 13.314542171409842
5.199999999999999 13.380957284117722
5.21 13.447703367187936
5.22 13.514782068990103
5.23 13.582195046099248
5.24 13.649943963336641
5.25 13.718030493810826
5.26 13.786456318958857
5.27 13.855223128587747
5.279999999999999 13.924332620916111
5.29 13.993786502616022
5.3 14.063586488855078
5.3100000000000005 14.133734303338677
5.32 14.204231678352494
5.33 14.275080354805182
5.34 14.346282082271275
5.35 14.417838619034315
5.359999999999999 14.48975173213018
5.369999999999999 14.562023197390639
5.38 14.634654799487118
5.39 14.707648331974685
5.4 14.781005597336257
5.41 14.85472840702702
5.42 14.928818581519074
5.43 15.003277950346302
5.4399999999999995 15.078108352149457
5.449999999999999 15.15331163472148
5.46 15.228889655053036
5.47 15.304844279378285
5.48 15.38117738322087
5.49 15.457890851440139
5.5 15.534986578277609
5.51 15.612466467403634
5.52 15.69033243196433
5.529999999999999 15.768586394628727
5.54 15.847230287636139
5.55 15.926266052843797
5.5600000000000005 16.0056956417747
5.57 16.085521015665712
5.58 16.165744145515887
5.59 16.24636701213505
5.6 16.327391606192613
5.609999999999999 16.40881992826663
5.619999999999999 16.490653988893104
5.63 16.572895808615527
5.64 16.655547418034676
5.65 16.73861085785866
5.66 16.82208817895321
5.67 16.905981442392203
5.68 16.99029271950849
5.6899999999999995 17.075024091944893
5.699999999999999 17.160177651705546
5.71 17.245755501207423
5.72 17.331759753332165
5.73 17.418192531478127
5.74 17.505055969612727
5.75 17.592352212325014
5.76 17.68008341487854
5.77 17.768251743264436
5.779999999999999 17.856859374254828
5.79 17.945908495456447
5.8 18.035401305364555
5.8100000000000005 18.12534001341711
5.82 18.215726840049214
5.83 18.306564016747842
5.84 18.397853786106808
5.85 18.489598401882045
5.859999999999999 18.58180012904713
5.869999999999999 18.674461243849112
5.88 18.767584033864583
5.89 18.86117079805606
5.9 18.955223846828638
5.91 19.049745502086907
5.92 19.144738097292187
5.93 19.240203977520007
5.9399999999999995 19.336145499517905
5.949999999999999 19.432565031763495
5.96 19.52946495452283
5.97 19.62684765990905
5.98 19.72471555194133
5.99 19.82307104660412
6.0 19.92191657190667
6.01 20.02125456794286
6.02 20.121087486951325
6.03 20.221417793375878
6.04 20.322247963926237
6.05 20.42358048763905
6.06 20.525417865939225
6.07 20.627762612701567
6.08 20.73061725431272
6.09 20.83398432973341
6.1 20.937866390561023
6.109999999999999 21.042266001092447
6.12 21.14718573838728
6.13 21.25262819233132
6.14 21.358595965700367
6.1499999999999995 21.46509167422438
6.16 21.572117946651893
6.17 21.679677424814816
6.18 21.787772763693507
6.1899999999999995 21.8964066314822
6.2 22.005581709654738
6.21 22.115300693030644
6.22 22.225566289841524
6.2299999999999995 22.336381221797787
6.24 22.44774822415571
6.25 22.55967004578482
6.26 22.672149449235636
6.27 22.785189210807726
6.28 22.898792120618108
6.29 23.01296098267
6.3 23.127698614921893
6.31 23.243007849357003
6.32 23.358891532053022
6.33 23.475352523252248
6.34 23.59239369743206
6.35 23.710017943375725
6.36 23.828228164243587
6.37 23.947027277644583
6.38 24.06641821570813
6.39 24.18640392515636
6.3999999999999995 24.30698736737672
6.41 24.428171518494942
6.42 24.549959369448352
6.43 24.672353926059564
6.4399999999999995 24.79535820911054
6.45 24.918975254417
6.46 25.043208112903223
6.47 25.168059850677214
6.4799999999999995 25.293533549106236
6.49 25.419632304892723
6.5 25.546359230150582
6.51 25.673717452481853
6.52 25.801710115053762
6.53 25.930340376676167
6.54 26.05961141187937
6.55 26.189526410992325
6.56 26.32008858022124
6.57 26.45130114172855
6.58 26.583167333712325
6.59 26.715690410486015
6.6 26.84887364255864
6.61 26.982720316715355
6.62 27.11723373609842
6.63 27.252417220288585
6.64 27.38827410538685
6.6499999999999995 27.524807744096663
6.66 27.662021505806514
6.67 27.799918776672936
6.68 27.93850295970392
6.6899999999999995 28.077777474842765
6.7 28.217745759052296
6.71 28.35841126639956
6.72 28.49977746814091
6.7299999999999995 28.641847852807505
6.74 28.784625926291262
6.75 28.928115211931214
6.76 29.072319250600305
6.77 29.217241600792626
6.78 29.36288583871106
6.79 29.509255558355385
6.8 29.656354371610817
6.81 29.804185908336972
6.82 29.95275381645729
6.83 30.10206176204889
6.84 30.252113429432892
6.85 30.40291252126516
6.86 30.55446275862752
6.87 30.70676788111942
6.88 30.85983164695004
6.89 31.0136578330309
6.8999999999999995 31.168250235068854
6.91 31.323612667659617
6.92 31.479748964381724
6.93 31.636662977890964
6.9399999999999995 31.794358580015274
6.95 31.95283966185012
6.96 32.112110133854344
6.97 32.27217392594648
6.9799999999999995 32.43303498760158
6.99 32.59469728794847
7.0 32.75716481586753
7.01 32.920441580088976
7.02 33.084531609291545
7.03 33.249438952201785
7.04 33.415167677693766
7.05 33.58172187488928
7.06 33.7491056532586
7.07 33.91732314272169
7.08 34.08637849374991
7.09 34.25627587746829
7.1 34.42701948575823
7.11 34.59861353136078
7.12 34.7710622479804
7.13 34.94436989038923
7.14 35.118540734531905
7.1499999999999995 35.29357907763086
7.16 35.469489238292184
7.17 35.646275556612
7.18 35.82394239428335
7.1899999999999995 36.00249413470364
7.2 36.18193518308259
7.21 36.362269966550755
7.22 36.54350293426856
7.2299999999999995 36.72563855753587
7.24 36.90868132990216
7.25 37.09263576727713
7.26 37.27750640804201
7.27 37.46329781316127
7.28 37.650014566295
7.29 37.83766127391179
7.3 38.02624256540219
7.31 38.21576309319274
7.32 38.406227532860534
7.33 38.59764058324839
7.34 38.790006966580606
7.35 38.98333142857922
7.36 39.17761873858093
7.37 39.37287368965455
7.38 39.56910109871904
7.39 39.76630580666218
7.3999999999999995 39.96449267845977
7.41 40.163666603295454
7.42 40.36383249468114
7.43 40.56499529057801
7.4399999999999995 40.767159953518146
7.45 40.97033147072673
7.46 41.17451485424489
7.47 41.379715141053154
7.4799999999999995 41.58593739319546
7.49 41.79318669790386
7.5 42.00146816772381
7.51 42.21078694064005
7.52 42.42114818020319
7.53 42.63255707565685
7.54 42.84501884206545
7.55 43.058538720442684
7.56 43.273121977880564
7.57 43.48877390767914
7.58 43.70549982947688
7.59 43.92330508938166
7.6 44.14219506010244
7.61 44.362175141081565
7.62 44.583250758627756
7.63 44.80542736604973
7.64 45.02871044379051
7.6499999999999995 45.253105499562395
7.66 45.4786180684826
7.67 45.70525371320954
7.68 45.93301802407986
7.6899999999999995 46.16191661924609
7.7 46.391955144815014
7.71 46.62313927498669
7.72 46.85547471219421
7.7299999999999995 47.08896718724411
7.74 47.323622459457525
7.75 47.559446316812
7.76 47.79644457608404
7.77 48.034623082992354
7.78 48.27398771234179
7.79 48.51454436816804
7.8 48.75629898388301
7.81 48.999257522420955
7.82 49.2434259763853
7.83 49.48881036819623
7.84 49.735416750239
7.85 49.983251205012934
7.86 50.23231984528128
7.87 50.48262881422169
7.88 50.73418428557751
7.89 50.98699246380982
7.8999999999999995 51.24105958425021
7.91 51.49639191325432
7.92 51.75299574835617
7.93 52.01087741842321
7.9399999999999995 52.27004328381221
7.95 52.53049973652582
7.96 52.79225320037004
7.97 53.05531013111236
7.9799999999999995 53.319677016640725
7.99 53.585360377123344
8.0 53.8523667651692
8.01 54.12070276598942
8.02 54.390374997559434
8.03 54.66139011078192
8.040000000000001 54.93375478965063
8.049999999999999 55.20747575141489
8.06 55.48255974674509
8.07 55.75901355989886
8.08 56.03684400888815
8.09 56.31605794564711
8.1 56.59666225620079
8.110000000000001 56.87866386083473
8.12 57.16206971426534
8.13 57.44688680581117
8.139999999999999 57.73312215956498
8.15 58.020782834566724
8.16 58.30987592497736
8.17 58.600408560253534
8.18 58.892387905323105
8.19 59.1858211607616
8.200000000000001 59.48071556296949
8.209999999999999 59.777078384350396
8.22 60.07491693349012
8.229999999999999 60.374238555336646
8.24 60.67505063138094
8.25 60.97736057983876
8.26 61.28117585583326
8.27 61.58650395157859
8.28 61.89335239656435
8.290000000000001 62.20172875774099
8.299999999999999 62.511640639706116
8.31 62.82309568489176
8.32 63.13610157375252
8.33 63.450666024954685
8.34 63.76679679556628
8.35 64.08450168124806
8.360000000000001 64.40378851644543
8.37 64.7246651745814
8.38 65.0471395682504
8.389999999999999 65.37121964941308
8.4 65.69691340959214
8.41 66.02422888006907
8.42 66.35317413208192
8.43 66.68375727702397
8.44 67.01598646664351
8.450000000000001 67.34986989324447
8.459999999999999 67.68541578988818
8.47 68.02263243059608
8.479999999999999 68.36152813055335
8.49 68.70211124631376
8.5 69.04439017600534
8.51 69.38837335953713
8.52 69.73406927880701
8.53 70.08148645791056
8.540000000000001 70.43063346335086
8.549999999999999 70.78151890424944
8.56 71.13415143255821
8.57 71.48853974327253
8.58 71.84469257464521
8.59 72.2026187084017
8.6 72.56232696995629
8.610000000000001 72.92382622862934
8.62 73.28712539786571
8.63 73.65223343545415
8.639999999999999 74.0191593437479
8.65 74.38791216988626
8.66 74.75850100601738
8.67 75.13093498952206
8.68 75.50522330323872
8.69 75.8813751756895
8.700000000000001 76.25939988130743
8.709999999999999 76.63930674066478
8.72 77.0211051207025
8.729999999999999 77.40480443496085
8.74 77.79041414381115
8.75 78.17794375468866
8.76 78.56740282232664
8.77 78.95880094899164
8.78 79.3521477847198
8.790000000000001 79.7474530275545
8.799999999999999 80.14472642378506
8.81 80.5439777681867
8.82 80.9452169042617
8.83 81.34845372448166
8.84 81.75369817053108
8.85 82.16096023355213
8.860000000000001 82.57024995439056
8.87 82.98157742384291
8.88 83.39495278290494
8.889999999999999 83.81038622302124
8.9 84.22788798633619
8.91 84.647468365946
8.92 85.06913770615219
8.93 85.4929064027162
8.94 85.91878490311531
8.950000000000001 86.34678370679985
8.959999999999999 86.77691336545165
8.97 87.20918448324377
8.979999999999999 87.64360771710163
8.99 88.08019377696526
9.0 88.51895342605299
9.01 88.95989748112639
9.02 89.40303681275658
9.03 89.84838234559182
9.040000000000001 90.29594505862639
9.049999999999999 90.74573598547093
9.06 91.197766214624
9.07 91.65204688974505
9.08 92.10858920992877
9.09 92.56740442998071
9.1 93.0285038606944
9.110000000000001 93.49189886912974
9.12 93.95760087889282
9.13 94.42562137041713
9.139999999999999 94.89597188124617
9.15 95.36866400631743
9.16 95.84370939824785
9.17 96.32111976762064
9.18 96.80090688327354
9.19 97.28308257258851
9.200000000000001 97.76765872178291
9.209999999999999 98.25464727620204
9.22 98.74406024061321
9.229999999999999 99.23590967950122
9.24 99.73020771736536
9.25 100.22696653901784
9.26 100.7261983898837
9.27 101.22791557630231
9.28 101.7321304658302
9.290000000000001 102.23885548754552
9.299999999999999 102.74810313235402
9.31 103.25988595329645
9.32 103.7742165658576
9.33 104.29110764827682
9.34 104.81057194186005
9.35 105.33262225129349
9.360000000000001 105.85727144495876
9.37 106.38453245524964
9.38 106.91441827889042
9.389999999999999 107.44694197725579
9.4 107.98211667669231
9.41 108.51995556884157
9.42 109.06047191096481
9.43 109.6036790262693
9.44 110.14959030423624
9.450000000000001 110.69821920095035
9.459999999999999 111.24957923943104
9.47 111.80368400996532
9.479999999999999 112.36054717044226
9.49 112.92018244668917
9.5 113.48260363280944
9.51 114.0478245915221
9.52 114.61585925450296
9.53 115.18672162272756
9.540000000000001 115.76042576681577
9.549999999999999 116.33698582737813
9.56 116.91641601536385
9.57 117.49873061241063
9.58 118.08394397119615
9.59 118.67207051579135
9.6 119.26312474201542
9.610000000000001 119.85712121779261
9.62 120.45407458351077
9.63 121.0539995523817
9.639999999999999 121.65691091080326
9.65 122.26282351872332
9.66 122.87175231000549
9.67 123.48371229279668
9.68 124.0987185498965
9.69 124.71678623912845
9.700000000000001 125.337930593713
9.709999999999999 125.96216692264252
9.72 126.58951061105809
9.729999999999999 127.21997712062809
9.74 127.85358198992878
9.75 128.49034083482678
9.76 129.1302693488633
9.77 129.77338330364043
9.78 130.4196985492094
9.790000000000001 131.06923101446048
9.799999999999999 131.72199670751525
9.81 132.37801171612034
9.82 133.0372922080435
9.83 133.69985443147158
9.84 134.36571471541023
9.85 135.03488947008597
9.860000000000001 135.70739518734987
9.87 136.38324844108362
9.88 137.06246588760732
9.889999999999999 137.74506426608937
9.9 138.43106039895855
9.91 139.12047119231795
9.92 139.81331363636107
9.93 140.50960480578996
9.94 141.2093618602354
9.950000000000001 141.91260204467923
9.959999999999999 142.61934268987883
9.97 143.3296012127935
9.979999999999999 144.04339511701318
9.99 144.76074199318916
10.0 145.4816595194671
10.01 146.20616546192193
10.02 146.93427767499526
10.03 147.66601410193456
10.04 148.40139277523497
10.05 149.14043181708286
10.06 149.88314943980194
10.07 150.62956394630146
10.08 151.37969373052658
10.09 152.13355727791105
10.1 152.89117316583219
10.11 153.65256006406796
10.12 154.41773673525648
10.13 155.18672203535777
10.14 155.95953491411774
10.15 156.73619441553453
10.16 157.5167196783272
10.17 158.3011299364067
10.18 159.0894445193492
10.19 159.88168285287168
10.2 160.67786445931011
10.209999999999999 161.47800895809985
10.22 162.28213606625832
10.23 163.09026559887036
10.24 163.90241746957577
10.25 164.71861169105938
10.26 165.53886837554353
10.27 166.36320773528297
10.28 167.19165008306229
10.29 168.02421583269575
10.3 168.86092549952966
10.31 169.70179970094713
10.32 170.54685915687557
10.33 171.3961246902964
10.34 172.2496172277576
10.35 173.10735779988858
10.36 173.9693675419177
10.37 174.8356676941924
10.38 175.70627960270187
10.39 176.58122471960226
10.4 177.4605246037446
10.41 178.34420092120536
10.42 179.23227544581948
10.43 180.12477005971627
10.44 181.02170675385779
10.45 181.92310762858003
10.459999999999999 182.8289948941367
10.47 183.73939087124586
10.48 184.65431799163898
10.49 185.573798798613
10.5 186.49785594758518
10.51 187.42651220665036
10.52 188.3597904571413
10.53 189.29771369419174
10.54 190.2403050273022
10.55 191.18758768090865
10.56 192.13958499495385
10.57 193.09632042546187
10.58 194.0578175451151
10.59 195.02410004383435
10.6 195.9951917293617
10.61 196.9711165278464
10.62 197.9518984844335
10.63 198.93756176385568
10.64 199.9281306510276
10.65 200.9236295516436
10.66 201.92408299277815
10.67 202.92951562348952
10.68 203.93995221542602
10.69 204.95541766343572
10.7 205.97593698617894
10.71 207.0015353267438
10.72 208.03223795326497
10.73 209.06807025954524
10.74 210.10905776568052
10.75 211.15522611868766
10.76 212.20660109313556
10.77 213.26320859177923
10.78 214.32507464619724
10.79 215.3922254174322
10.8 216.46468719663446
10.81 217.54248640570893
10.82 218.6256495979652
10.83 219.714203458771
10.84 220.8081748062086
10.85 221.9075905917347
10.86 223.0124779008437
10.87 224.12286395373388
10.88 225.23877610597737
10.89 226.36024184919302
10.9 227.48728881172295
10.91 228.6199447593122
10.92 229.75823759579202
10.93 230.90219536376625
10.94 232.0518462453014
10.95 233.20721856261994
10.96 234.36834077879726
10.97 235.5352414984619
10.98 236.7079494684992
10.99 237.88649357875886
11.0 239.07090286276545
11.01 240.2612064984329
11.02 241.45743380878233
11.03 242.65961426266344
11.04 243.86777747547964
11.05 245.08195320991663
11.06 246.3021713766746
11.07 247.52846203520426
11.08 248.76085539444622
11.09 249.9993818135744
11.1 251.24407180274275
11.11 252.4949560238361
11.12 253.75206529122437
11.13 255.01543057252073
11.14 256.2850829893435
11.15 257.56105381808186
11.16 258.84337449066516
11.17 260.13207659533646
11.18 261.42719187742944
11.19 262.72875224014956
11.2 264.036789745359
11.21 265.35133661436515
11.22 266.67242522871373
11.23 268.00008813098515
11.24 269.33435802559524
11.25 270.6752677795997
11.26 272.022850423503
11.27 273.3771391520705
11.28 274.73816732514575
11.29 276.10596846847056
11.3 277.48057627451016
11.31 278.86202460328195
11.32 280.25034748318853
11.33 281.6455791118549
11.34 283.0477538569696
11.35 284.4569062571305
11.36 285.87307102269426
11.37 287.29628303663014
11.38 288.7265773553785
11.39 290.16398920971284
11.4 291.60855400560695
11.41 293.06030732510544
11.42 294.51928492719946
11.43 295.9855227487063
11.44 297.45905690515326
11.45 298.9399236916665
11.46 300.4281595838634
11.47 301.92380123875057
11.48 303.4268854956249
11.49 304.9374493769803
11.5 306.4555300894183
11.51 307.9811650245633
11.52 309.5143917599827
11.53 311.0552480601108
11.54 312.6037718771782
11.55 314.16000135214534
11.56 315.72397481564076
11.57 317.29573078890394
11.58 318.875307984733
11.59 320.4627453084371
11.6 322.0580818587933
11.61 323.66135692900843
11.62 325.27261000768596
11.63 326.8918807797969
11.64 328.51920912765655
11.65 330.15463513190514
11.66 331.79819907249407
11.67 333.4499414296767
11.68 335.10990288500403
11.69 336.77812432232554
11.7 338.4546468287948
11.71 340.1395116958804
11.72 341.8327604203813
11.73 343.53443470544795
11.74 345.24457646160795
11.75 346.963227807797
11.76 348.6904310723951
11.77 350.4262287942676
11.78 352.1706637238118
11.79 353.92377882400825
11.8 355.6856172714779
11.81 357.45622245754396
11.82 359.2356379892993
11.83 361.0239076906791
11.84 362.82107560353893
11.85 364.62718598873795
11.86 366.44228332722776
11.87 368.2664123211465
11.88 370.0996178949184
11.89 371.9419451963589
11.9 373.79343959778515
11.91 375.654146697132
11.92 377.5241123190736
11.93 379.4033825161508
11.94 381.2920035699037
11.95 383.1900219920102
11.96 385.0974845254298
11.97 387.01443814555375
11.98 388.9409300613603
11.99 390.8770077165758
12.0 392.822718790842
