3 1
3.1 1.5333333333333332
3.2 2.0344086021505374
3.3000000000000003 2.5072580645161286
3.4 2.95530303030303
3.5 3.3814616755793225
3.6 3.788235294117647
3.7 4.177777777777778
3.8000000000000003 4.551951951951953
3.9 4.912375533428166
4.0 5.260458839406208
4.1 5.597435897435898
4.199999999999999 5.924390243902439
4.3 6.242276422764228
4.3999999999999995 6.551937984496124
4.5 6.854122621564482
4.6 7.149494949494949
4.699999999999999 7.438647342995169
4.8 7.722109158186863
4.8999999999999995 8.000354609929078
5.0 8.273809523809524
5.1 8.542857142857143
5.199999999999999 8.807843137254903
5.3 9.069079939668176
5.4 9.326850507982584
5.5 9.581411600279525
5.6 9.832996632996633
5.699999999999999 10.081818181818182
5.8 10.328070175438597
5.9 10.571929824561405
6.0 10.8135593220339
6.1 11.05310734463277
6.199999999999999 11.290710382513662
6.3 11.52649391856161
6.4 11.760573476702511
6.5 11.993055555555557
6.6 12.224038461538463
6.699999999999999 12.453613053613054
6.8 12.68186341022162
6.9 12.908867427568044
7.0 13.134697357203752
7.1 13.359420289855073
7.2 13.583098591549296
7.3 13.805790297339593
7.3999999999999995 14.027549467275495
7.5 14.248426508700481
7.6 14.468468468468469
7.7 14.687719298245614
7.8 14.90622009569378
7.9 15.124009324009323
8.0 15.341123012009087
8.1 15.55759493670886
8.200000000000001 15.773456790123456
8.299999999999999 15.988738331827761
8.4 16.20346752865119
8.5 16.417670682730922
8.6 16.631372549019606
8.700000000000001 16.84459644322845
8.799999999999999 17.057364341085268
8.9 17.269696969696966
9.0 17.481613891726248
9.1 17.69313358302122
9.200000000000001 17.9042735042735
9.299999999999999 18.115050167224076
9.4 18.325479195885926
9.5 18.5355753832075
9.6 18.74535274356103
9.700000000000001 18.954824561403505
9.799999999999999 19.164003436426114
9.9 19.372901325478644
10.0 19.58152958152958
10.1 19.789898989898987
10.200000000000001 19.998019801980195
10.299999999999999 20.20590176664725
10.4 20.413554159527887
10.5 20.6209858103062
10.6 20.828205128205127
10.700000000000001 21.03522012578616
10.799999999999999 21.242038441192026
10.9 21.44866735894773
11.0 21.655113829425755
11.1 21.86138448707256
11.2 22.067485667485666
11.3 22.273423423423424
11.4 22.479203539823008
11.5 22.684831547896287
11.6 22.890312738367655
11.7 23.09565217391304
11.8 23.3008547008547
11.9 23.505924960162247
12.0 23.710867397806577
12.1 23.915686274509802
12.2 24.12038567493113
12.3 24.3249695163257
12.4 24.52944155671065
12.5 24.733805402570155
12.6 24.93806451612903
12.700000000000001 25.142222222222223
12.8 25.346281714785654
12.9 25.550246062992127
