3 1
3.05 1.2666666666666666
3.0999999999999996 1.525136612021858
3.15 1.7759386567953463
3.1999999999999997 2.0195596518177164
3.25 2.2564484126984126
3.3 2.4870192307692305
3.3499999999999996 2.7116550116550115
3.4 2.9307100859339665
3.4499999999999997 3.1445127304653204
3.5 3.3533674339300936
3.55 3.5575569358178054
3.5999999999999996 3.757344064386318
3.65 3.952973395931142
3.6999999999999997 4.144672754946727
3.75 4.3326545723806
3.8 4.517117117117117
3.8499999999999996 4.698245614035088
3.9 4.8762132604237864
3.9499999999999997 5.051182151182151
4.0 5.223304122038299
4.05 5.392721518987342
4.1 5.559567901234568
4.1499999999999995 5.723968684131286
4.2 5.886041727887159
4.25 6.0458978772231795
4.3 6.203641456582634
4.35 6.359370725034201
4.3999999999999995 6.5131782945736445
4.45 6.665151515151516
4.5 6.815372829417774
4.55 6.963920099875156
4.6 7.1108669108669105
4.6499999999999995 7.256282847587195
4.7 7.400233754090696
4.75 7.542781972088766
4.8 7.6839865621500545
4.85 7.823903508771928
4.8999999999999995 7.962585910652919
4.95 8.100084157374289
5.0 8.236446093588949
5.05 8.37171717171717
5.1000000000000005 8.505940594059405
5.1499999999999995 8.639157445156279
5.2 8.771406815153245
5.25 8.902725914861836
5.3 9.033150183150182
5.3500000000000005 9.162713387241688
5.3999999999999995 9.291447716452124
5.45 9.419383869851158
5.5 9.546551138294257
5.55 9.672977481234362
5.6000000000000005 9.798689598689599
5.6499999999999995 9.923712998712999
5.7 10.04807206068268
5.75 10.171790094705791
5.8 10.29488939740656
5.8500000000000005 10.417391304347827
5.8999999999999995 10.539316239316241
5.95 10.660683760683762
6.0 10.781512605042018
6.05 10.901820728291318
6.1000000000000005 11.021625344352618
6.1499999999999995 11.140942961658313
6.2 11.259789417566308
6.25 11.378179910831367
6.3 11.496129032258064
6.3500000000000005 11.613650793650793
6.3999999999999995 11.730758655168103
6.45 11.8474655511811
6.5 11.96378391472868
6.55 12.079725700655931
6.6000000000000005 12.195302407516147
6.6499999999999995 12.310525098311357
6.7 12.425404420141263
6.75 12.539950622825721
6.8 12.654173576561636
6.8500000000000005 12.768082788671023
6.8999999999999995 12.881687419493344
6.95 12.994996297471701
7.0 13.108017933479303
7.05 13.2207605344296
7.1 13.33323201621074
7.15 13.44544001598242
7.2 13.557391903870778
7.25 13.669094794094795
7.3 13.780555555555557
7.35 13.89178082191781
7.4 14.002777001211445
7.45 14.113550284978858
7.5 14.224106656992564
7.55 14.334451901565997
7.6 14.44459161147903
7.65 14.554531195538516
7.7 14.664275885792915
7.75 14.77383074441898
7.8 14.883200670297445
7.8500000000000005 14.992390405293632
7.9 15.101404540258045
7.95 15.210247520761108
8.0 15.318923652575434
8.05 15.42743710691824
8.100000000000001 15.53579192546584
8.150000000000002 15.643992025151448
8.200000000000001 15.752041202756951
8.25 15.859943139308696
8.3 15.967701404286773
8.350000000000001 16.07531945965681
8.400000000000002 16.182800663732777
8.450000000000001 16.290148274878817
8.5 16.397365455057766
8.55 16.504455273233557
8.600000000000001 16.611420708634334
8.650000000000002 16.718264653882773
8.700000000000001 16.824989917999737
8.75 16.931599229287098
8.8 17.038095238095245
8.850000000000001 17.144480519480528
8.900000000000002 17.250757575757582
8.950000000000001 17.35692883895132
9.0 17.46299667315298
9.05 17.568963376784613
9.100000000000001 17.674831184775943
9.150000000000002 17.780602270657525
9.200000000000001 17.886278748573837
9.25 17.991862675219775
9.3 18.097356051703883
9.350000000000001 18.202760825341475
9.400000000000002 18.308078891380603
9.450000000000001 18.413312094663787
9.5 18.51846223122819
9.55 18.623531049846843
9.600000000000001 18.72852025351337
9.650000000000002 18.833431500872607
9.700000000000001 18.938266407599315
9.75 19.043026547727155
9.8 19.147713454929953
9.850000000000001 19.252328623757197
9.900000000000002 19.35687351082565
9.950000000000001 19.461349535968825
10.0 19.565758083346022
10.05 19.67010050251256
10.100000000000001 19.774378109452734
10.150000000000002 19.878592187576963
10.200000000000001 19.98274398868458
10.25 20.086834733893554
10.3 20.190865614538495
10.350000000000001 20.29483779303812
10.400000000000002 20.398752403733404
10.450000000000001 20.502610553697505
10.5 20.60641332351858
10.55 20.710161768056498
10.600000000000001 20.813856917174444
10.650000000000002 20.917499776446384
10.700000000000001 21.021091327841255
10.75 21.124632530384794
10.8 21.228124320799818
10.850000000000001 21.331567614125746
10.900000000000002 21.434963304318135
10.950000000000001 21.538312264828978
11.0 21.64161534916844
11.05 21.744873391448728
11.100000000000001 21.84808720691073
11.15 21.951257592434057
11.200000000000001 22.05438532703106
11.250000000000002 22.157471172325426
11.3 22.260515873015866
11.350000000000001 22.36352015732546
11.4 22.46648473743713
11.450000000000001 22.569410309915753
11.500000000000002 22.67229755611736
11.55 22.775147142585904
11.600000000000001 22.877959721437975
11.65 22.980735930735925
11.700000000000001 23.08347639484978
11.750000000000002 23.18618172480833
11.8 23.288852518639747
11.850000000000001 23.39148936170212
11.9 23.494092827004213
11.950000000000001 23.59666347551678
12.000000000000002 23.6992018564748
12.05 23.801708507670845
12.100000000000001 23.904183955739967
12.15 24.00662871643633
12.200000000000001 24.109043294901877
12.250000000000002 24.21142818592727
12.3 24.313783874205416
12.350000000000001 24.41611083457773
12.4 24.518409532273456
12.450000000000001 24.62068042314222
12.500000000000002 24.72292395388003
12.55 24.82514056224899
12.600000000000001 24.92733067729083
12.650000000000002 25.029494719534554
12.700000000000001 25.131633101198315
12.750000000000002 25.23374622638573
12.8 25.33583449127682
12.850000000000001 25.43789828431372
12.900000000000002 25.539937986381318
12.950000000000001 25.641953970983014
