3 1
3.01 1.0533333333333332
3.0199999999999996 1.1063344407530453
3.03 1.159007722602363
3.0399999999999996 1.2113575066115883
3.05 1.2633880493312488
3.0599999999999996 1.3151035375323554
3.07 1.3665080895746275
3.0799999999999996 1.4176057567435225
3.09 1.4684005245568763
3.0999999999999996 1.5188963140419451
3.11 1.5690969829836101
3.1199999999999997 1.6190063271444872
3.13 1.6686280814576635
3.1399999999999997 1.7179659211927583
3.15 1.7670234630959891
3.1599999999999997 1.8158042665049035
3.17 1.8643118344384166
3.1799999999999997 1.9125496146627798
3.19 1.9605210007340832
3.1999999999999997 2.008229333017882
3.21 2.0556778996865206
3.2199999999999998 2.102869937694704
3.23 2.1498086337338673
3.2399999999999998 2.196497125165856
3.25 2.242938500936437
3.26 2.2891358024691355
3.2699999999999996 2.335092024539877
3.28 2.3808101161329054
3.29 2.4262929812784364
3.3 2.4715434798724885
3.3099999999999996 2.516564428479322
3.32 2.5613586011169094
3.3299999999999996 2.605928730025844
3.34 2.650277506422085
3.3499999999999996 2.694407581233929
3.36 2.7383215658235773
3.3699999999999997 2.782022032693675
3.38 2.8255115161791724
3.3899999999999997 2.8687925131248577
3.4 2.9118674835489
3.4099999999999997 2.95473885129273
3.42 2.997409004657582
3.4299999999999997 3.0398802970280054
3.44 3.0821550474826527
3.4499999999999997 3.124235541392637
3.46 3.1661240310077523
3.4699999999999998 3.207822736030829
3.48 3.2493338441805073
3.4899999999999998 3.2906595117426884
3.5 3.331801864110925
3.51 3.3727629963160055
3.5199999999999996 3.4135449735449743
3.53 3.4541498316498322
3.54 3.4945795776461503
3.55 3.5348361902018217
3.5599999999999996 3.5749216201161778
3.57 3.6148377907896823
3.58 3.654586598684418
3.59 3.694169913775567
3.5999999999999996 3.7335895799940872
3.61 3.7728474156607867
3.6199999999999997 3.8119452139119736
3.63 3.85088474311688
3.6399999999999997 3.8896677472870347
3.65 3.9282959464777654
3.6599999999999997 3.9667710371819966
3.67 4.005094692716521
3.6799999999999997 4.0432685636009
3.69 4.081294277929156
3.6999999999999997 4.119173441734418
3.71 4.156907639346664
3.7199999999999998 4.194498433743717
3.7299999999999995 4.231947366895632
3.7399999999999998 4.269255960102626
3.75 4.306425714326676
3.76 4.343458110516933
3.7699999999999996 4.3803546099290775
3.78 4.417116654438738
3.79 4.453745666849115
3.8 4.49024305119292
3.8099999999999996 4.526610193028747
3.82 4.562848459732008
3.83 4.5989592007805316
3.84 4.634943748034941
3.8499999999999996 4.670803416013926
3.86 4.706539502164503
3.8699999999999997 4.7421532871273815
3.88 4.777646034997524
3.8899999999999997 4.813018993580011
3.9 4.848273394641296
3.9099999999999997 4.883410454155956
3.92 4.91843137254902
3.9299999999999997 4.953337334933974
3.94 4.988129511346524
3.9499999999999997 5.022809056974206
3.96 5.057377112381932
3.9699999999999998 5.091834803733539
3.9799999999999995 5.12618324300944
3.9899999999999998 5.1604235282204485
4.0 5.19455674361784
4.01 5.22858395989975
4.02 5.262506234413966
4.029999999999999 5.296324611357179
4.04 5.330040121970791
4.05 5.363653784733312
4.06 5.397166605549444
4.07 5.4305795779359
4.08 5.463893683204028
4.09 5.497109890639303
4.1 5.530229157677741
4.109999999999999 5.563252430079313
4.12 5.596180642098392
4.13 5.629014716651312
4.14 5.661755565481088
4.15 5.6944040893193435
4.16 5.726961178045515
4.17 5.759427710843373
4.18 5.791804556354916
4.1899999999999995 5.824092572831686
4.199999999999999 5.856292608283564
4.21 5.888405500625071
4.22 5.920432077819251
4.2299999999999995 5.95237315801916
4.24 5.984229549707012
4.25 6.016002051831036
4.26 6.047691453940066
4.27 6.079298536315934
4.279999999999999 6.110824070103682
4.29 6.142268817439646
4.3 6.173633531577456
4.31 6.20491895701198
4.32 6.236125829601251
4.33 6.26725487668643
4.34 6.298306817209819
4.35 6.329282361830972
4.359999999999999 6.360182213040945
4.37 6.391007065274702
4.38 6.421757605021729
4.39 6.4524345109348715
4.4 6.483038453937446
4.41 6.51357009732864
4.42 6.54403009688724
4.43 6.5744191009737225
4.4399999999999995 6.604737750630726
4.449999999999999 6.634986679681939
4.46 6.665166514829436
4.47 6.6952778757494835
4.4799999999999995 6.725321375186846
4.49 6.755297619047619
4.5 6.785207206490614
4.51 6.815050730017322
4.52 6.844828775560483
4.529999999999999 6.874541922571278
4.54 6.904190744105179
4.55 6.933775806906477
4.56 6.963297671491504
4.57 6.9927568922305765
4.58 7.022154017428692
4.59 7.051489589404985
4.6 7.080764144570977
4.609999999999999 7.109978213507625
4.62 7.139132321041214
4.63 7.168226986318092
4.64 7.197262722878273
4.65 7.226240038727935
4.66 7.255159436410826
4.67 7.28402141307859
4.68 7.312826460560053
4.6899999999999995 7.3415750654294545
4.699999999999999 7.370267709073678
4.71 7.398904867758471
4.72 7.427487012693679
4.7299999999999995 7.45601461009752
4.74 7.484488121259898
4.75 7.512908002604793
4.76 7.541274705751721
4.77 7.569588677576293
4.779999999999999 7.597850360269894
4.79 7.626060191398472
4.8 7.654218603960483
4.81 7.682326026443981
4.82 7.710382882882883
4.83 7.738389592912415
4.84 7.7663465718237505
4.85 7.7942542306178675
4.859999999999999 7.8221129760586185
4.87 7.849923210725044
4.88 7.877685333062929
4.89 7.905399737435622
4.9 7.9330668141741265
4.91 7.960686949626477
4.92 7.9882605262064095
4.93 8.015787922441342
4.9399999999999995 8.043269513019673
4.949999999999999 8.070705668837407
4.96 8.098096757044125
4.97 8.125443141088303
4.9799999999999995 8.152745180761992
4.99 8.180003232244875
5.0 8.2072176481477
5.01 8.23438877755511
5.02 8.261516966067862
5.029999999999999 8.288602555844484
5.04 8.315645885642319
5.05 8.342647290858023
5.06 8.369607103567496
5.07 8.396525652565254
5.08 8.42340326340326
5.09 8.450240258429233
5.1 8.477036956824403
5.109999999999999 8.503793674640777
5.119999999999999 8.530510724837878
5.13 8.55718841731898
5.14 8.58382705896686
5.15 8.61042695367905
5.16 8.636988402402627
5.17 8.663511703168508
5.18 8.689997151125302
5.1899999999999995 8.716445038572695
5.199999999999999 8.742855654994381
5.21 8.769229287090557
5.22 8.795566218809979
5.23 8.821866731381588
5.24 8.848131103345713
5.25 8.874359610584852
5.26 8.900552526354053
5.27 8.926710121310881
5.279999999999999 8.952832663544996
5.29 8.978920418607325
5.3 9.004973649538867
5.3100000000000005 9.030992616899098
5.32 9.056977578794017
5.33 9.082928790903814
5.34 9.10884650651018
5.35 9.13473097652325
5.359999999999999 9.160582449508208
5.369999999999999 9.186401171711536
5.38 9.212187387086912
5.39 9.23794133732079
5.4 9.263663261857632
5.41 9.289353397924826
5.42 9.315011980557266
5.43 9.34063924262163
5.4399999999999995 9.366235414840336
5.449999999999999 9.391800725815187
5.46 9.417335402050728
5.47 9.442839667977282
5.48 9.468313745973708
5.49 9.493757856389863
5.5 9.51917221756877
5.51 9.544557045868519
5.52 9.569912555683878
5.529999999999999 9.595238959467633
5.54 9.620536467751656
5.55 9.645805289167715
5.5600000000000005 9.671045630468011
5.57 9.696257696545464
5.58 9.721441690453739
5.59 9.746597813427023
5.6 9.771726264899556
5.609999999999999 9.796827242524914
5.619999999999999 9.821900942195057
5.63 9.846947558059131
5.64 9.871967282542048
5.65 9.896960306362821
5.66 9.921926818552688
5.67 9.946867006472996
5.68 9.97178105583288
5.6899999999999995 9.996669150706708
5.699999999999999 10.021531473551324
5.71 10.046368205223073
5.72 10.071179524994621
5.73 10.095965610571563
5.74 10.120726638108835
5.75 10.145462782226922
5.76 10.170174216027872
5.77 10.19486111111111
5.779999999999999 10.21952363758906
5.79 10.244161964102592
5.8 10.268776257836262
5.8100000000000005 10.293366684533378
5.82 10.317933408510887
5.83 10.34247659267408
5.84 10.366996398531116
5.85 10.39149298620738
5.859999999999999 10.415966514459663
5.869999999999999 10.440417140690176
5.88 10.464845020960396
5.89 10.48925031000475
5.9 10.513633161244123
5.91 10.537993726799227
5.92 10.562332157503798
5.93 10.586648602917636
5.9399999999999995 10.6109432113395
5.949999999999999 10.635216129819838
5.96 10.659467504173385
5.97 10.683697478991595
5.98 10.70790619765494
5.99 10.732093802345059
6.0 10.756260434056761
6.01 10.780406232609906
6.02 10.804531336661121
6.029999999999999 10.828635883715403
6.04 10.852720010137574
6.05 10.876783851163609
6.0600000000000005 10.900827540911829
6.07 10.924851212393968
6.08 10.948854997526112
6.09 10.972839027139512
6.1 10.996803430991271
6.109999999999999 11.020748337774906
6.119999999999999 11.044673875130798
6.13 11.068580169656514
6.14 11.092467346917015
6.15 11.116335531454745
6.16 11.140184846799608
6.17 11.16401541547883
6.18 11.18782735902671
6.1899999999999995 11.21162079799426
6.199999999999999 11.235395851958739
6.21 11.259152639533065
6.22 11.282891278375148
6.23 11.306611885197093
6.24 11.33031457577431
6.25 11.35399946495452
6.26 11.377666666666665
6.27 11.40131629392971
6.279999999999999 11.424948458861355
6.29 11.448563272686638
6.3 11.472160845746458
6.3100000000000005 11.495741287505993
6.32 11.519304706563027
6.33 11.542851210656181
6.34 11.566380906673066
6.35 11.589893900658325
6.359999999999999 11.613390297821606
6.369999999999999 11.636870202545438
6.38 11.66033371839302
6.39 11.683780948115926
6.4 11.707211993661728
6.41 11.730626956181535
6.42 11.754025936037444
6.43 11.777409032809912
6.4399999999999995 11.80077634530506
6.449999999999999 11.824127971561877
6.46 11.84746400885936
6.47 11.870784553723572
6.48 11.894089701934627
6.49 11.917379548533594
6.5 11.940654187829331
6.51 11.96391371340524
6.52 11.98715821812596
6.529999999999999 12.010387794143979
6.54 12.03360253290617
6.55 12.05680252516028
6.5600000000000005 12.079987860961317
6.57 12.103158629677898
6.58 12.126314919998514
6.59 12.149456819937727
6.6 12.172584416842318
6.609999999999999 12.19569779739734
6.619999999999999 12.218797047632144
6.63 12.241882252926306
6.64 12.264953498015517
6.65 12.288010866997398
6.66 12.311054443337255
6.67 12.33408430987378
6.68 12.357100548824684
6.6899999999999995 12.380103241792275
6.699999999999999 12.40309246976898
6.71 12.426068313142805
6.72 12.449030851702737
6.73 12.471980164644098
6.74 12.494916330573833
6.75 12.517839427515751
6.76 12.540749532915704
6.77 12.563646723646723
6.779999999999999 12.586531076014088
6.79 12.60940266576036
6.8 12.632261568070344
6.8100000000000005 12.65510785757602
6.82 12.677941608361406
6.83 12.700762893967385
6.84 12.72357178739647
6.85 12.746368361117533
6.859999999999999 12.769152687070473
6.869999999999999 12.791924836670852
6.88 12.81468488081446
6.89 12.837432889881859
6.9 12.86016893374287
6.91 12.882893081761006
6.92 12.905605402797878
6.93 12.928305965217538
6.9399999999999995 12.950994836890791
6.949999999999999 12.973672085199462
6.96 12.996337777040615
6.97 13.018991978830728
6.98 13.041634756509836
6.99 13.064266175545624
7.0 13.086886300937483
7.01 13.109495197220518
7.02 13.132092928469532
7.03 13.154679558302952
7.04 13.177255149886728
7.05 13.199819765938186
7.06 13.22237346872985
7.07 13.244916320093223
7.08 13.26744838142252
7.09 13.289969713678389
7.1 13.312480377391566
7.109999999999999 13.33498043266652
7.12 13.357469939185039
7.13 13.3799489562098
7.14 13.402417542587893
7.1499999999999995 13.424875756754313
7.16 13.447323656735419
7.17 13.469761300152358
7.18 13.492188744224457
7.1899999999999995 13.514606045772577
7.2 13.537013261222445
7.21 13.559410446607938
7.22 13.581797657574352
7.2299999999999995 13.604174949381626
7.24 13.626542376907542
7.25 13.648899994650892
7.26 13.671247856734613
7.27 13.693586016908897
7.28 13.715914528554265
7.29 13.73823344468461
7.3 13.760542817950222
7.31 13.782842700640769
7.32 13.805133144688263
7.33 13.827414201669988
7.34 13.849685922811407
7.35 13.871948358989032
7.36 13.89420156073328
7.37 13.916445578231286
7.38 13.938680461329708
7.39 13.960906259537486
7.3999999999999995 13.98312302202859
7.41 14.005330797644728
7.42 14.027529634898048
7.43 14.049719581973795
7.4399999999999995 14.07190068673295
7.45 14.094072996714852
7.46 14.116236559139779
7.47 14.138391420911521
7.4799999999999995 14.160537628619924
7.49 14.1826752285434
7.5 14.20480426665143
7.51 14.226924788607025
7.52 14.24903683976919
7.53 14.271140465195336
7.54 14.293235709643687
7.55 14.315322617575667
7.56 14.337401233158248
7.57 14.359471600266295
7.58 14.381533762484878
7.59 14.403587763111567
7.6 14.425633645158703
7.61 14.447671451355653
7.62 14.46970122415104
7.63 14.491723005714947
7.64 14.51373683794112
7.6499999999999995 14.535742762449129
7.66 14.557740820586517
7.67 14.579731053430939
7.68 14.601713501792267
7.6899999999999995 14.623688206214682
7.7 14.645655206978754
7.71 14.667614544103484
7.72 14.689566257348352
7.7299999999999995 14.711510386215325
7.74 14.733446969950862
7.75 14.755376047547887
7.76 14.777297657747765
7.77 14.79921183904223
7.78 14.821118629675325
7.79 14.843018067645312
7.8 14.864910190706556
7.81 14.886795036371412
7.82 14.908672641912075
7.83 14.930543044362427
7.84 14.952406280519867
7.85 14.974262386947112
7.86 14.996111399973998
7.87 15.017953355699255
7.88 15.039788289992268
7.89 15.061616238494826
7.8999999999999995 15.08343723662285
7.91 15.105251319568108
7.92 15.12705852229992
7.93 15.14885887956684
7.9399999999999995 15.170652425898323
7.95 15.192439195606388
7.96 15.214219222787253
7.97 15.235992541322965
7.9799999999999995 15.257759184883007
7.99 15.279519186925906
8.0 15.301272580700811
8.01 15.323019399249059
8.02 15.34475967540574
8.03 15.366493441801238
8.040000000000001 15.388220730862754
8.049999999999999 15.409941574815832
8.06 15.431656005685856
8.07 15.453364055299538
8.08 15.475065755286405
8.09 15.49676113708025
8.1 15.518450231920596
8.110000000000001 15.540133070854125
8.12 15.561809684736113
8.13 15.583480104231837
8.139999999999999 15.605144359817983
8.15 15.626802481784031
8.16 15.64845450023364
8.17 15.670100445086009
8.18 15.69174034607723
8.19 15.713374232761637
8.200000000000001 15.735002134513135
8.209999999999999 15.756624080526517
8.22 15.77824009981878
8.229999999999999 15.799850221230413
8.24 15.821454473426694
8.25 15.84305288489896
8.26 15.864645483965871
8.27 15.88623229877467
8.28 15.907813357302421
8.290000000000001 15.929388687357246
8.299999999999999 15.950958316579545
8.31 15.972522272443209
8.32 15.994080582256823
8.33 16.01563327316486
8.34 16.037180372148857
8.35 16.058721906028595
8.360000000000001 16.080257901463256
8.37 16.101788384952577
8.38 16.123313382837996
8.389999999999999 16.144832921303777
8.4 16.166347026378144
8.41 16.187855723934387
8.42 16.209359039691975
8.43 16.230856999217647
8.44 16.252349627926503
8.450000000000001 16.273836951083076
8.459999999999999 16.295318993802407
8.47 16.316795781051102
8.479999999999999 16.338267337648382
8.49 16.359733688267138
8.5 16.38119485743494
8.51 16.402650869535094
8.52 16.424101748807633
8.53 16.445547519350338
8.540000000000001 16.46698820511974
8.549999999999999 16.488423829932106
8.56 16.509854417464428
8.57 16.5312799912554
8.58 16.55270057470638
8.59 16.574116191082354
8.6 16.595526863512895
8.610000000000001 16.616932614993097
8.62 16.638333468384516
8.63 16.659729446416108
8.639999999999999 16.68112057168513
8.65 16.702506866658084
8.66 16.72388835367159
8.67 16.74526505493332
8.68 16.766636992522862
8.69 16.788004188392627
8.700000000000001 16.809366664368707
8.709999999999999 16.830724442151766
8.72 16.852077543317893
8.729999999999999 16.873425989319458
8.74 16.894769801485964
8.75 16.916109001024896
8.76 16.937443609022555
8.77 16.95877364644488
8.78 16.98009913413828
8.790000000000001 17.001420092830447
8.799999999999999 17.022736543131174
8.81 17.044048505533148
8.82 17.065356000412756
8.83 17.086659048030867
8.84 17.10795766853363
8.85 17.129251881953238
8.860000000000001 17.15054170820871
8.87 17.17182716710666
8.88 17.193108278342045
8.889999999999999 17.214385061498934
8.9 17.235657536051242
8.91 17.256925721363487
8.92 17.278189636691515
8.93 17.299449301183238
8.94 17.320704733879356
8.950000000000001 17.341955953714077
8.959999999999999 17.363202979515833
8.97 17.384445830007984
8.979999999999999 17.405684523809526
8.99 17.426919079435784
9.0 17.448149515299107
9.01 17.469375849709554
9.02 17.49059810087557
9.03 17.51181628690467
9.040000000000001 17.533030425804103
9.049999999999999 17.55424053548153
9.06 17.57544663374566
9.07 17.59664873830693
9.08 17.617846866778137
9.09 17.639041036675103
9.1 17.66023126541729
9.110000000000001 17.681417570328463
9.12 17.70259996863729
9.13 17.723778477478
9.139999999999999 17.744953113890972
9.15 17.766123894823377
9.16 17.787290837129774
9.17 17.808453957572723
9.18 17.829613272823384
9.19 17.850768799462113
9.200000000000001 17.871920553979063
9.209999999999999 17.89306855277476
9.22 17.9142128121607
9.229999999999999 17.935353348359918
9.24 17.95649017750757
9.25 17.977623315651492
9.26 17.998752778752785
9.27 18.019878582686363
9.28 18.04100074324152
9.290000000000001 18.062119276122463
9.299999999999999 18.083234196948894
9.31 18.10434552125653
9.32 18.125453264497654
9.33 18.14655744204165
9.34 18.167658069175538
9.35 18.1887551611045
9.360000000000001 18.209848732952405
9.37 18.230938799762335
9.38 18.2520253764971
9.389999999999999 18.273108478039752
9.4 18.294188119194086
9.41 18.315264314685162
9.42 18.336337079159794
9.43 18.357406427187055
9.44 18.37847237325877
9.450000000000001 18.39953493179
9.459999999999999 18.420594117119546
9.47 18.441649943510413
9.479999999999999 18.462702425150308
9.49 18.483751576152102
9.5 18.50479741055431
9.51 18.525839942321564
9.52 18.546879185345073
9.53 18.56791515344309
9.540000000000001 18.588947860361362
9.549999999999999 18.609977319773602
9.56 18.631003545281928
9.57 18.65202655041732
9.58 18.673046348640064
9.59 18.69406295334019
9.6 18.715076377837917
9.610000000000001 18.736086635384087
9.62 18.757093739160602
9.63 18.77809770228085
9.639999999999999 18.79909853779013
9.65 18.820096258666084
9.66 18.841090877819106
9.67 18.86208240809277
9.68 18.883070862264244
9.69 18.90405625304469
9.700000000000001 18.925038593079684
9.709999999999999 18.946017894949623
9.72 18.966994171170118
9.729999999999999 18.987967434192402
9.74 19.008937696403724
9.75 19.029904970127742
9.76 19.050869267624915
9.77 19.071830601092895
9.78 19.09278898266691
9.790000000000001 19.113744424420148
9.799999999999999 19.13469693836413
9.81 19.1556465364491
9.82 19.176593230564393
9.83 19.197537032538804
9.84 19.218477954140962
9.85 19.2394160070797
9.860000000000001 19.26035120300441
9.87 19.281283553505418
9.88 19.302213070114323
9.889999999999999 19.323139764304376
9.9 19.344063647490817
9.91 19.36498473103124
9.92 19.38590302622593
9.93 19.406818544318217
9.94 19.427731296494816
9.950000000000001 19.448641293886176
9.959999999999999 19.469548547566806
9.97 19.490453068555627
9.979999999999999 19.511354867816298
9.99 19.53225395625755
10.0 19.55315034473351
10.01 19.574044044044044
10.02 19.594935064935065
10.03 19.615823418098866
10.040000000000001 19.63670911417444
10.049999999999999 19.657592163747797
10.06 19.678472577352277
10.07 19.699350365468874
10.08 19.72022553852653
10.09 19.74109810690247
10.1 19.761968080922486
10.110000000000001 19.782835470861254
10.12 19.803700286942636
10.13 19.824562539339983
10.139999999999999 19.84542223817643
10.15 19.866279393525193
10.16 19.887134015409874
10.17 19.907986113804736
10.18 19.928835698635012
10.19 19.949682779777184
10.200000000000001 19.97052736705927
10.209999999999999 19.991369470261112
10.22 20.012209099114667
10.229999999999999 20.033046263304268
10.24 20.053880972466917
10.25 20.07471323619257
10.26 20.095543064024387
10.27 20.11637046545904
10.28 20.137195449946947
10.290000000000001 20.158018026892577
10.299999999999999 20.178838205654692
10.31 20.199655995546625
10.32 20.220471405836545
10.33 20.241284445747713
10.34 20.262095124458753
10.35 20.282903451103902
10.360000000000001 20.303709434773268
10.37 20.324513084513086
10.38 20.345314409325983
10.389999999999999 20.366113418171214
10.4 20.386910119964917
10.41 20.407704523580367
10.42 20.428496637848223
10.43 20.449286471556768
10.44 20.470074033452153
10.450000000000001 20.490859332238642
10.459999999999999 20.511642376578855
10.47 20.532423175094
10.479999999999999 20.553201736364116
10.49 20.573978068928305
10.5 20.59475218128497
10.51 20.615524081892048
10.52 20.63629377916723
10.53 20.657061281488204
10.540000000000001 20.67782659719288
10.549999999999999 20.69858973457961
10.56 20.71935070190742
10.57 20.74010950739623
10.58 20.760866159227078
10.59 20.781620665542338
10.6 20.802373034445942
10.610000000000001 20.823123274003592
10.62 20.84387139224298
10.63 20.86461739715401
10.639999999999999 20.885361296689
10.65 20.90610309876289
10.66 20.926842811253476
10.67 20.947580442001595
10.68 20.968315998811338
10.69 20.989049489450267
10.700000000000001 21.00978092164961
10.709999999999999 21.03051030310447
10.72 21.051237641474025
10.729999999999999 21.071962944381724
10.74 21.092686219415494
10.75 21.113407474127943
10.76 21.13412671603654
10.77 21.154843952623832
10.78 21.175559191337623
10.790000000000001 21.19627243959117
10.799999999999999 21.216983704763383
10.81 21.237692994199005
10.82 21.258400315208814
10.83 21.279105675069797
10.84 21.299809081025348
10.85 21.320510540285447
10.860000000000001 21.341210060026857
10.87 21.36190764739329
10.88 21.382603309495604
10.889999999999999 21.403297053411972
10.9 21.423988886188074
10.91 21.44467881483727
10.92 21.46536684634078
10.93 21.486052987647845
10.94 21.506737245675936
10.950000000000001 21.5274196273109
10.959999999999999 21.548100139407133
10.97 21.568778788787778
10.979999999999999 21.589455582244867
10.99 21.610130526539503
11.0 21.630803628402035
11.01 21.651474894532214
11.02 21.672144331599366
11.03 21.69281194624256
11.04 21.71347774507077
11.05 21.73414173466303
11.06 21.754803921568616
11.07 21.77546431230719
11.08 21.796122913368965
11.09 21.81677973121487
11.1 21.837434772276698
11.11 21.85808804295728
11.12 21.878739549630627
11.13 21.89938929864208
11.14 21.920037296308493
11.15 21.94068354891835
11.16 21.96132806273195
11.17 21.981970843981536
11.18 22.002611898871454
11.19 22.023251233578303
11.2 22.043888854251087
11.209999999999999 22.064524767011353
11.22 22.08515897795335
11.23 22.105791493144164
11.24 22.12642231862387
11.25 22.147051460405677
11.26 22.167678924476068
11.27 22.18830471679494
11.28 22.208928843295745
11.29 22.229551309885647
11.3 22.250172122445637
11.31 22.27079128683069
11.32 22.291408808869893
11.33 22.31202469436659
11.34 22.33263894909851
11.35 22.35325157881791
11.36 22.37386258925171
11.37 22.39447198610162
11.38 22.415079775044273
11.39 22.435685961731366
11.4 22.456290551789785
11.41 22.476893550821732
11.42 22.497494964404865
11.43 22.518094798092424
11.44 22.538693057413347
11.45 22.559289747872416
11.459999999999999 22.57988487495037
11.47 22.600478444104034
11.48 22.62107046076645
11.49 22.641660930346998
11.5 22.66224985823151
11.51 22.682837249782413
11.52 22.70342311033883
11.53 22.724007445216714
11.54 22.744590259708964
11.55 22.76517155908555
11.56 22.785751348593628
11.57 22.806329633457654
11.58 22.826906418879506
11.59 22.847481710038608
11.6 22.868055512092035
11.61 22.888627830174634
11.62 22.90919866939914
11.63 22.929768034856284
11.64 22.950335931614916
11.65 22.970902364722107
11.66 22.991467339203272
11.67 23.01203086006227
11.68 23.03259293228153
11.69 23.053153560822146
11.7 23.07371275062399
11.71 23.09427050660583
11.72 23.11482683366543
11.73 23.13538173667965
11.74 23.155935220504578
11.75 23.176487289975608
11.76 23.197037949907564
11.77 23.217587205094794
11.78 23.238135060311286
11.79 23.25868152031076
11.8 23.27922658982677
11.81 23.299770273572825
11.82 23.320312576242472
11.83 23.340853502509404
11.84 23.361393057027563
11.85 23.381931244431232
11.86 23.402468069335146
11.87 23.42300353633458
11.88 23.443537650005457
11.89 23.464070414904437
11.9 23.484601835569023
11.91 23.505131916517648
11.92 23.525660662249777
11.93 23.546188077246
11.94 23.566714165968136
11.95 23.58723893285931
11.96 23.607762382344067
11.97 23.62828451882844
11.98 23.648805346700073
11.99 23.669324870328285
12.0 23.689843094064184
12.01 23.710360022240742
12.02 23.7308756591729
12.03 23.751390009157635
12.04 23.771903076474082
12.05 23.792414865383595
12.06 23.812925380129847
12.07 23.83343462493892
12.08 23.853942604019387
12.09 23.874449321562402
12.1 23.894954781741784
12.11 23.91545898871411
12.12 23.935961946618793
12.13 23.95646365957817
12.14 23.976964131697578
12.15 23.997463367065457
12.16 24.017961369753415
12.17 24.03845814381632
12.18 24.058953693292384
12.19 24.079448022203234
12.2 24.099941134554008
12.21 24.120433034333427
12.22 24.14092372551388
12.23 24.1614132120515
12.24 24.181901497886248
12.25 24.20238858694199
12.26 24.222874483126574
12.27 24.243359190331915
12.28 24.263842712434062
12.29 24.28432505329329
12.3 24.304806216754162
12.31 24.325286206645618
12.32 24.345765026781045
12.33 24.366242680958347
12.34 24.38671917296004
12.35 24.407194506553296
12.36 24.42766868549005
12.37 24.448141713507056
12.38 24.468613594325962
12.39 24.489084331653384
12.4 24.50955392918098
12.41 24.53002239058553
12.42 24.550489719528986
12.43 24.57095591965857
12.44 24.591420994606825
12.45 24.6118849479917
12.46 24.632347783416613
12.47 24.652809504470518
12.48 24.673270114727984
12.49 24.693729617749252
12.5 24.714188017080318
12.51 24.73464531625299
12.52 24.75510151878496
12.53 24.775556628179874
12.54 24.796010647927393
12.55 24.816463581503267
12.56 24.8369154323694
12.57 24.857366203973907
12.58 24.877815899751194
12.59 24.89826452312202
12.6 24.91871207749355
12.61 24.939158566259433
12.62 24.959603992799863
12.63 24.98004836048164
12.64 25.00049167265823
12.65 25.02093393266985
12.66 25.041375143843492
12.67 25.061815309493028
12.68 25.082254432919243
12.69 25.102692517409906
12.7 25.123129566239836
12.71 25.143565582670956
12.72 25.164000569952353
12.73 25.184434531320353
12.74 25.20486746999856
12.75 25.225299389197936
12.76 25.245730292116843
12.77 25.26616018194111
12.78 25.2865890618441
12.79 25.307016934986756
12.8 25.32744380451766
12.81 25.3478696735731
12.82 25.368294545277124
12.83 25.38871842274159
12.84 25.409141309066232
12.85 25.429563207338713
12.86 25.449984120634685
12.87 25.470404052017834
12.88 25.49082300453995
12.89 25.511240981240977
12.9 25.53165798514906
12.91 25.552074019280614
12.92 25.572489086640363
12.93 25.592903190221417
12.94 25.613316333005297
12.95 25.633728517962012
12.96 25.654139748050103
12.97 25.674550026216693
12.98 25.694959355397547
12.99 25.71536773851712
13.0 25.73577517848861
