0.0 1.0
0.01 1.0101003127801154
0.02 1.0204026370620982
0.03 1.030909003095295
0.04 1.0416214615333974
0.05 1.0525420836395094
0.060000000000000005 1.063672961493275
0.06999999999999999 1.0750162082000885
0.08 1.0865739581024063
0.09 1.098348366993183
0.09999999999999999 1.110341612331453
0.11 1.1225558934600772
0.12 1.1349934318256802
0.13 1.1476564712007964
0.14 1.1605472779082486
0.15000000000000002 1.173668141047783
0.16 1.1870213727249805
0.17 1.2006093082824696
0.18000000000000002 1.2144343065334624
0.19 1.2284987499976379
0.2 1.2428050451393957
0.21000000000000002 1.257355622608505
0.22 1.272152937483171
0.23 1.2871994695155455
0.24000000000000002 1.3024977233797035
0.25 1.3180502289221128
0.26 1.333859541414621
0.27 1.3499282418099852
0.28 1.366258936999968
0.29000000000000004 1.3828542600760305
0.3 1.3997168705926426
0.31 1.416849454833241
0.32 1.4342547260788603
0.33 1.451935424879462
0.34 1.4698943193279932
0.35000000000000003 1.4881342053371975
0.36000000000000004 1.5066579069192085
0.37 1.525468276467954
0.38 1.5445681950443968
0.39 1.5639605726646444
0.4 1.5836483485909518
0.41000000000000003 1.6036344916256513
0.42000000000000004 1.6239220004080341
0.43 1.6445139037142178
0.44 1.6654132607600258
0.45 1.6866231615069118
0.46 1.7081467269709583
0.47000000000000003 1.7299871095349808
0.48000000000000004 1.752147493263769
0.49 1.7746310942224957
0.5 1.7974411607983258
0.51 1.8205809740252583
0.52 1.844053847912232
0.53 1.867863129774529
0.54 1.8920122005685096
0.55 1.9165044752297105
0.56 1.9413434030143406
0.5700000000000001 1.9665324678442104
0.5800000000000001 1.9920751886551267
0.59 2.017975119748789
0.6 2.0442358511482226
0.61 2.0708610089567845
0.62 2.097854255720776
0.63 2.1252192907957004
0.64 2.1529598507162024
0.65 2.181079709569724
0.66 2.2095826793739164
0.67 2.238472610457846
0.68 2.267753391847028
0.6900000000000001 2.297428951652335
0.7000000000000001 2.3275032574628107
0.7100000000000001 2.35798031674243
0.72 2.3888641772308516
0.73 2.4201589273481936
0.74 2.451868696603879
0.75 2.4839976560095915
0.76 2.5165500184963783
0.77 2.5495300393359477
0.78 2.5829420165662
0.79 2.6167902914210344
0.8 2.651079248764476
0.81 2.685813317529165
0.8200000000000001 2.720996971159257
0.8300000000000001 2.756634728057767
0.8400000000000001 2.7927311520384155
0.85 2.8292908527820138
0.86 2.866318486297435
0.87 2.90381875538722
0.88 2.9417964101178606
0.89 2.9802562482948107
0.9 3.0192031159422705
0.91 3.058641907787793
0.92 3.0985775677517613
0.93 3.139015089441784
0.9400000000000001 3.1799595166520604
0.9500000000000001 3.2214159438677648
0.9600000000000001 3.2633895167744984
0.97 3.3058854327728624
0.98 3.3489089414982027
0.99 3.3924653453455775
1.0 3.436560000000001
