-0.6590409077922705 0.18280257504823308 -0.6162413474885501 -0.03189856210575631 0.2656299535892644
-0.07598029423867025 -0.17419501263576445 -1.343791265871007 0.9680944698988807 -0.66025712290448
0.7706626715033686 -1.1132913545773349 -1.607457846194999 1.9119208506644016 -1.6591450398023104
1.6978490804464204 -0.12296739453720562 -0.6833738920878284 2.0279899156527654 -1.0261288616725381
0.8518473777428907 0.3364145844402913 -0.7561342681659959 2.9785226099294015 -1.9960570722885729
0.31247830279922173 -0.2939058316452016 -0.06488886967285112 3.655742992936995 -1.2501958611402921
-0.44316262593527855 -1.281620677059368 0.8879894905401099 4.381693610246147 -0.9882780943024214
0.5217424490801906 -0.6071553600780624 -0.06332046534821367 5.335522814038067 -1.811459635369753
1.1549833549001252 0.2923885277437671 0.5682875196931001 6.333582725367821 -1.832889375244333
0.17616207979663034 0.6826728330344629 0.3216992103110051 5.683710071957874 -2.623828179833274
-0.20702847349476267 1.3822355343774302 -0.6621801303879156 6.679522296183926 -2.6538708880477673
-0.9958128900792693 2.3279215294349953 -0.8576134212278789 7.361856296460857 -1.8212287384623376
-1.4285818556813863 2.637788507744423 0.12527305347769424 6.852380269194446 -2.1730689311787854
-0.8782718109317217 2.180008586199114 -0.8498412956949212 6.466624872495583 -1.4630895478116472
-1.7967827448627953 1.207076850000644 -1.6883752201550237 6.508573678083646 -1.2142749264875377
-1.767717749073415 0.5450094316781772 -1.6429876039499938 5.803109758915931 -0.6976721745679452
-2.441120294537485 0.06811345017065978 -0.6625195499176603 5.484795354742472 -1.089033909602177
-2.678161249554411 0.12061831174064949 -0.5544982350265066 6.24928914084634 -1.9243267484491415
-3.1897369419639077 -0.8776539225640841 -1.3532634301334565 5.640891917927614 -2.5992764786707543
-3.6073929165353453 -0.7265355510118957 -2.314729985110529 4.727572089716953 -1.6038289137876434
-3.1931722942269536 -0.022164875502203807 -2.6350924374622764 4.087106965143844 -2.567284009937981
-3.9876365638616775 -0.7502392440315439 -2.205245614969183 5.052882940558583 -1.9868225594733755
-4.596282478465836 -0.9349446625647871 -2.0724366127548306 5.648734457819385 -1.5374530435456288
-3.771258827005359 0.026700275808611562 -1.5202166984427803 4.762456987046605 -2.219393853925787
-4.6864005420234855 -0.6970070190083152 -0.5209186891436338 4.0095367517943155 -2.5293744935923015
-3.897749826190706 0.08075830443630916 0.06170948583674307 4.974718214404839 -3.1984815241473883
-3.762611328972134 -0.2775362451391452 -0.7767737509648176 5.76915676344555 -2.364863885488062
-3.424959574366789 -1.246513622589394 -0.18381373571184922 4.826195981845621 -1.453937254265302
-4.109816207608965 -0.24728776153854226 0.38497835749536546 3.8261990648169557 -1.9704371456890293
-3.6015127838827237 0.01966829239920831 0.9745495124237822 4.813719529308709 -1.2659854118851448
-2.6056547887457233 0.864349733879093 1.6135511053002118 5.69498576733437 -0.8609142981038338
-2.573976413776695 1.5704113974517055 1.6387591068159497 6.005719203621489 -1.7285595269350966
-2.9139207574437296 2.348999839127112 0.7092535657879993 5.944421634632392 -0.9757549278206841
-2.0376893629592017 1.364101486867077 -0.28321126208485703 5.2520027331817545 -0.1437488335213688
-1.8705151817503425 0.6539254226318943 -1.1940756157847838 4.8024961854669055 -0.6157861569970332
-1.796756893965048 -0.06660604349455435 -2.0827969859468918 3.9254816470263485 -0.8297832439892953
-0.926166739708878 0.3126447101403279 -1.0927290360072957 3.3593836232506176 -0.9306401206065369
-0.40371386678042165 0.36232091735529054 -0.09289360773273503 3.7190197288163103 -1.3477648001427087
-1.1279391685575693 0.2928984749200874 0.8005646541182936 2.898511317788285 -2.3222503302490267
-0.639035697267532 -0.7070808966898157 1.1085408638196603 1.939184988063457 -1.782174388549553
-0.38352748240984946 -1.3424882764017916 2.0731104271117236 2.937372580871556 -2.781649747206401
-1.2346466131424672 -1.505534386028661 1.084044295822868 2.6172597564569866 -2.7629546760887767
-2.081513235108125 -2.1254283852752116 1.5780867506937448 1.6388697250151827 -3.4751080763143434
-1.0841027708873958 -1.5813790706889022 2.5514447655059027 1.7340879382657515 -3.6569560721026595
-0.4651153724797711 -1.1924746615247073 2.956953598049298 1.076128390974256 -3.2988351264807934
0.5223205728526293 -1.310419543258403 2.5451751353051684 0.3951727883439963 -2.2997391172892705
0.7354407983307881 -1.8577738144716869 1.5611027127944215 1.3786535975072112 -1.3596655213495181
1.73093678182199 -0.8730052760917743 2.453436609819052 1.3181927930564648 -1.7326525932999974
2.5620440366771935 0.05097219079422677 1.4994862246789957 0.4605205875090417 -2.6707968347866693
1.6739273410731013 1.0509283205591666 2.2528417394254294 -0.4856739578815318 -2.109089379681281
0.7000663772822209 1.9872516539287965 3.0116247456081147 0.3586969984804761 -2.962123655309733
-0.2939699931785975 2.980351075602343 2.0567128375469554 0.6026290810081281 -1.967047155072665
-0.2522397653454156 2.6926133251295763 1.0904558904281443 1.0628591995174006 -2.904246801937274
-0.3209841750356214 3.5470116607297526 2.0115480251021887 0.7314229198479378 -3.3176994791669583
0.5898803939393338 2.9832228532854037 2.4886650737050524 0.5652749372586896 -4.297606611095772
1.1884019267280794 3.9330968787163045 3.071578836520657 0.8233772167900011 -3.500072748379699
0.8223105615996629 4.1213751356440484 2.457160176893426 1.0204925994801197 -4.4445750094230245
1.4277507653701225 3.1764021593877456 2.3696900876510525 0.19833010085533265 -5.360075336299904
0.4385257180612908 2.5571744551180116 1.3725412306937632 1.1362355198827734 -5.269522184674707
1.1985743074274537 2.670721949585594 2.0671804255171975 2.0230155171002204 -5.414725379321708
2.1981837429717865 1.7155816709174276 1.160870728874044 1.0847084244711378 -4.504872437368477
3.003946516119743 1.2852153334460223 1.1810739911915675 0.4663864339503585 -4.895069517055696
3.9689711599574915 0.8420960195437932 1.6873644457294321 -0.2400271326148602 -3.895070791341461
3.1905494365261626 1.5517275668435468 0.9762092050692862 -0.33206324697427314 -3.3735495885858717
4.162312227598669 2.0190727205175043 1.335802141701532 0.6346357145170117 -4.369039912260963
4.171860742819537 1.745543112530128 2.2403816897377005 1.0369233068368215 -4.180002324328743
3.1724882609560083 1.481359243041412 2.8993941056919414 1.6692695963992925 -4.996631571718957
3.1232757083162532 1.4831628872010905 2.740361489449935 0.9462673596153921 -5.968230800988369
3.859246125762903 1.8260052368262736 3.089447306447358 0.20190426528595296 -6.371239914289626
4.835716112960952 2.8005441478382997 2.8043653520996203 -0.3852621355192648 -7.37104237765895
3.9797971371709138 3.433523009521064 2.297731906706875 -0.38000381257781746 -7.723850050649504
4.403013552887694 4.304806895621427 2.61787323539665 -0.9094884842848023 -6.843581654263316
3.5741915310688923 4.164698107604208 3.574134584754541 0.09046871307297799 -6.409433693252274
4.506651008195374 5.157503660898597 3.6281753061743927 -0.9032181520283019 -6.586544420274292
4.712256924945398 5.504678753733312 3.143973608995299 -1.7717609912181214 -6.656291922542116
5.273958948958388 6.084267703835986 3.5116338678758434 -2.4687819472503785 -6.530681942533593
6.171193004481358 5.192993120657647 2.8635580750652 -1.620407289594418 -6.261168751075171
5.226226440309087 4.863935767416284 3.686644792272859 -0.719055451068181 -6.51690470815292
5.58120648275971 4.237628959958425 3.183352123443827 -1.5793756301892818 -7.386746983830491
6.527367584172024 3.5668475013264227 2.3506291990048194 -2.540629177396799 -7.4027408119458125
5.564690340360674 4.2837925394988305 3.1075653143382493 -1.8445048417355983 -6.419231360666506
6.25079211533466 5.051120458599996 2.5127069295859523 -1.3280914875588592 -6.452063520527048
5.970122289727855 5.103877021025454 1.9082777530712507 -0.7012156888297412 -6.658339336299963
5.301513090267624 5.2886415734139876 2.647235947703301 -1.5153515463119205 -5.6685824964352785
4.30185187640292 4.378994363534828 1.704415060136684 -2.49024984741197 -5.127498649477533
4.7440024323460115 4.833717833766866 2.5510659567752043 -1.6755907779855925 -4.694941012467429
5.659538663737624 5.552906901164041 3.1546399793911113 -1.5490968110739216 -4.733063503713532
5.709113541715232 4.565328385360931 3.910097365252731 -0.6235245801362178 -5.476936078449611
6.661520660642744 4.634950611091076 3.1427858272018385 -0.9489391798557076 -5.251754127540882
6.68813063612415 3.817320759766294 3.6031561760039903 -1.9435123542556234 -6.1414004477509465
7.381138764753674 4.815268932700764 4.545799293706542 -2.8207138374986047 -5.175518887636259
8.246163984649703 5.295360459677586 5.508585006872807 -3.2173555216076863 -6.1333136027489585
7.467631408968246 6.284293335284335 4.566248445014764 -4.185938301410683 -6.90748237030723
6.467632035422216 6.174519670843908 4.005873766013355 -3.186747789105254 -6.850665484974657
6.678400825759521 6.233427842871544 3.6614294309112068 -2.66231908803955 -7.016082007183101
7.327654253144048 7.233373282759442 2.7286091607390555 -2.7934974389551543 -7.30935126776285
6.4669926379941005 7.944607589608285 2.101848464079128 -3.708076830078698 -7.332692955927568
7.3646662451533205 7.5851855998639195 2.417302467310387 -2.9214035405720233 -8.192676210447601
6.809607159676673 7.191454853792117 1.4185687018899578 -3.7117592665519847 -7.254807412959825
7.7630046512560265 8.055031243805752 0.6527862530713104 -4.618298853921354 -7.352160410762958
7.904987417928396 7.807772558348395 -0.3472119163753985 -4.245145985850799 -8.347446085598307
8.449068561393156 7.636150577151763 -0.21028350993329875 -5.108751704986708 -9.177423037342267
7.854685948532796 6.65775715749755 0.6107289916006435 -4.262123281870894 -8.958570631460637
6.8547705094613915 5.684178428290643 0.9884701477293063 -3.396351889640912 -8.236138084367992
6.218958953856826 5.010437033287046 1.8932421524783072 -4.065831793091143 -7.77670158782039
5.3840676062757 4.103944120153967 0.9251668481692037 -4.838460456561625 -8.11419872800874
4.400768745034035 4.3355105655361905 1.5251577120128479 -5.772810770805278 -8.961423356524008
4.0288443389553334 4.156923542100855 2.0813822424209825 -5.2603385910153895 -7.967066390615016
5.026773606591156 4.688069793643609 1.2463903094961362 -4.260668872835243 -8.897500216901973
5.8850208037075555 3.695922657602632 0.5799373545414441 -4.937020277962668 -9.494064687529894
4.888953911139818 3.1415720299912557 1.5658141880481597 -5.783703055663789 -8.530630236263663
4.04692251545178 4.130946749935234 1.5651959472671835 -6.040435560162351 -8.7369999431796
3.229560223614704 3.69185137522184 1.3313032850811866 -5.0972671526254105 -9.574642719753285
4.213209972705203 3.0263104134713257 0.7045380491312871 -4.4918731336360604 -8.686293410640658
5.13626533964561 3.7797194323861216 0.9446755886633911 -3.664740839755991 -8.900417083232583
5.792304853461757 4.417753557247241 1.9055077247593972 -3.834858728445819 -8.866987663399001
6.544450644796246 3.4231230370239083 1.8274947270619966 -4.744687415002804 -9.120711098703163
7.149242247391455 2.6997067908013035 1.7582733001635988 -5.611985648126995 -9.78416852069639
6.192043330396756 1.7343652007714976 2.4324338047500236 -5.96765586062228 -10.197279018859268
5.220817297949246 1.6046381607410651 3.4172861798656298 -6.468151945333716 -9.460393288709309
5.10793104534863 0.723764451367445 4.351004469189057 -5.820673204054679 -8.541765864364216
4.841716051898206 -0.27340850550307416 4.08799444689284 -5.055994607605271 -9.402177200372162
5.775334280571415 0.4673445846519214 3.959922287079164 -5.138676751586868 -8.613847823386646
4.9705760237770775 0.6640338728754942 4.951677898438519 -5.610395118656197 -8.033098316800318
4.074481045536686 1.6065987310444485 5.14073910153941 -4.649395930136209 -8.807067469869324
4.203109344543561 1.8568190015016932 4.771759322194653 -4.725427229206499 -8.884516709733843
4.500708520911066 2.3255720228827923 5.7327794984283 -4.3442386791171295 -7.88470935557426
5.478676094139291 1.4970703731930888 5.605367217354778 -3.452664003184396 -7.664451805244864
5.434432098267245 1.4278563562141833 6.042155171188154 -4.1167701415970965 -8.65972023809706
5.247064117634295 1.7267585020776512 5.8479146194532765 -3.778911095457901 -7.889882028686432
5.16069023454575 1.8371225587763345 6.461847553411946 -2.856122682939878 -8.195875480917843
4.199747597807837 0.9777397605495953 7.312938927454125 -1.856327426781589 -8.31349486527634
3.7099614555630254 0.02581406034425815 8.259186121823662 -1.9579614035741186 -8.990694116563336
4.619262502510702 1.0250804633439645 9.187920169181671 -1.0643867167348253 -9.780935044863439
5.604608014087157 1.6480573334467308 8.547289362735926 -0.06693442988121723 -8.906621174738643
5.5624510612011955 2.5346639128598514 7.580385792820341 -1.044580116719662 -8.482708741294662
4.864071397808348 3.374314679064173 6.581061690704663 -1.9579081583640612 -9.321458726643732
5.59521926516035 2.9024016699985635 7.511906778432256 -1.463448394942637 -9.476383175657888
6.568901133525867 3.0868286309467994 8.49482927230538 -0.7965635711019018 -8.618600335147718
6.091248637046496 3.594736879961058 9.127106612766566 -1.5731241214074858 -9.469223124755386
7.054743754195179 4.45740452979388 8.851344277861315 -2.115559589162888 -9.742483008783882
6.990526722401608 4.892016380334987 9.84070367088845 -2.98447661293327 -9.846790167434827
6.0786008140428525 5.756916888347552 8.841428634574955 -3.0024896023138266 -9.123542777091163
5.137467420151542 6.4736758435422805 7.851709940297467 -2.2753212362252198 -10.11146727277414
4.22172065065532 5.806100258439682 7.619858689944308 -1.6209127977849125 -9.805069524205324
3.321461689057089 6.783541244942892 6.620138496531615 -0.6592502457942351 -8.896002539936603
4.190359867934965 6.326926955032056 7.619686719648923 -0.3181795892704013 -8.249176317536548
4.970386763257539 5.389901716660553 8.280183864926855 0.6534105639388981 -8.354412819253762
5.12695699551251 5.323932210926287 7.334156471912067 1.6393346508572524 -9.10768134519227
4.141793888176055 4.361748352819196 6.350057053493173 2.5978747100945037 -8.377437566725774
4.861032937903955 3.3911084604797805 7.309988227693184 2.421983341119508 -8.369505267900665
5.284911173783033 3.396129395907594 6.5753977763139115 1.7345998697838347 -7.609083437129215
4.713707239804383 2.5356675593266447 7.57535879897211 0.875246060786647 -7.671046232242863
5.235485202104129 1.7158433810076184 6.958944122062034 1.8716099541275981 -6.691527993716487
5.929013993970583 0.8609294578357028 5.987623601627442 1.958598081463805 -5.756026923554782
6.8570066213671454 1.4953112189059006 5.303584332221516 1.5970542436867672 -5.8470815333317905
7.855172734430984 0.534921437281593 5.607589861904302 2.1841561973142216 -5.646985461252054
8.844514629538498 -0.36160513632265434 6.2370228560512375 1.2158202491730017 -4.681522751657674
9.258957418107542 0.632174697185093 5.5319489259222845 0.21806284373308737 -4.646712966605481
10.239481493326958 1.4634341762576515 6.524849832038397 -0.4948693872561821 -4.581710876241862
10.874923903980845 2.3732710948482993 6.726837542395991 -1.149590628599082 -5.561622644185445
9.89080542450949 3.133817491331828 7.182583044899093 -1.7482072387789236 -5.6532289036983
10.799989616425183 4.0308168215759625 6.336009857199676 -0.7823352739560899 -4.669906340209247
10.426770991811939 4.611438823870948 6.977683595710026 -0.7761040027532866 -5.496758859296547
10.34623461547921 4.756891339981043 7.197955136827212 -1.5658201231036766 -5.505088789208304
10.09869786036974 4.566097150888146 6.198442592669426 -0.6011608774276137 -5.12587279932965
9.232288440486888 5.462214578542837 6.71462321330124 -1.0590900595234713 -6.058967783295215
8.333886678257599 6.353793329123746 5.94928042245054 -1.3445447571546805 -6.966071828032064
7.82714396894458 5.5310308820628435 6.949068858700233 -2.2769821432893176 -6.048574570713791
7.148297171704963 5.312590621288926 6.011159443919724 -3.2768574753935193 -6.66138789775205
6.521258271384415 4.526024215723426 6.3654518421557125 -2.412841645811821 -5.6966191915352065
6.863789180801223 5.390890156766995 6.00798541023781 -1.5426103173930557 -5.665452001757516
7.040247926651927 5.598807738245228 6.857490238343745 -2.0458580844738075 -4.954790708565878
6.09357232198747 6.26637634876715 6.247945581510537 -1.1511229400382161 -4.888774764811599
5.65356543622079 6.551863181811203 5.401323356575148 -1.3863255533106318 -4.578408491356809
4.810942445119354 5.69047907102327 4.45032490055981 -0.7994871043121147 -5.577948761890687
5.809935148792601 4.703115534409851 5.096527625686936 -0.38675865322467423 -6.570381099661384
6.220293751449524 4.600483476418312 5.626828695861335 0.14637933606940584 -6.869380572504518
7.007080354817696 3.9622879831157674 5.822280443427239 -0.7745566116215841 -7.868527370512401
7.075425747720388 2.9643465431896496 6.406706445500404 -1.075089011583938 -7.767668049732904
7.920153868992992 2.108167488598027 5.529468386754781 -1.3724584998450062 -7.7462646475857575
6.9424621948118554 1.1913325498778828 6.011966674341992 -0.5708016277292203 -8.740930716149949
7.852312287271455 0.3787073863286263 6.7775712504918655 -0.5218619049081774 -9.653168802162796
6.874968588358187 -0.11299612376841461 5.985386067102769 -0.531723454049796 -8.655010853027777
7.327115969992579 0.3295091814543836 5.41985112533996 -0.5504121652265316 -7.65938370400127
6.792036936834988 1.2234171752896 5.8037134619126 -0.5933342143891777 -6.669211403979003
6.926280898192898 1.2117294618223855 5.9893877503934085 0.40626026741913845 -6.420082964333473
7.8343091745267275 2.1470577076394344 5.597084846110129 0.9621798642684994 -5.6970883694962
7.429075505505895 3.01164411132146 6.137236681857118 0.10365182631691283 -5.352026301194528
7.26612394454014 2.4531429337365545 7.119610345832994 -0.8326591032354582 -4.872639296149443
6.889267826625079 2.846861694958377 7.648824386037524 0.07150375408513554 -4.446460962070033
7.875777907754646 2.084145302902416 7.199950447883416 1.0633472051050101 -3.49775824252909
7.023993017471503 1.8687072143474839 7.563806429081408 1.711203029733516 -3.230761640843697
7.97118201280023 0.8687115535453085 7.507994137149299 1.7453813769476558 -2.5417591357235736
7.768755463823995 0.2493131273827106 8.356595681816138 1.8130094795765475 -3.1101618923263974
7.922311145757974 1.218901490312052 9.294038016803352 1.9285896478294684 -2.1228373378008887
8.898748338082504 2.1966224216885553 10.20163862225441 2.4136475723823763 -1.3036898276413256
9.896166365918871 2.6905217986763925 9.225055369628949 2.9596255473634643 -0.7562219783158034
10.211133880584764 1.8385591091660332 9.439424208481793 3.405446878002397 -1.6236051411327956
9.4032288712347 2.496154699233938 8.5469604951597 2.674681821359182 -0.6445162990277713
10.388005135572422 3.4496938305974605 8.096818042425005 1.8570476988443891 -1.5539567897529891
9.437208551568443 3.277489154148453 7.162276103505556 2.6887153643837163 -1.0785327238536215
9.809979861455542 2.9975864599571063 8.160350371005014 2.3001400466644535 -1.126153118176911
9.091505922347409 3.12909402730434 8.378458479682626 1.9342037648304027 -1.2313392756035106
10.052576439333105 2.470564220749933 9.350941085882036 1.1572271101819598 -2.2181222533595557
10.163350332942239 1.9789375705530723 8.510037601575501 1.2132458362013123 -1.6292618929931997
9.234780661498153 2.5623290182912575 9.356027724320167 0.8575432449472782 -0.6744150966830784
9.987132377296325 3.294858695543641 9.330228559953673 1.1682914995251994 -1.2525914242316836
10.986666570962285 2.6816633885366112 10.222328160781695 2.124734022371813 -1.5045184129928915
9.98976570460967 2.003036811891496 9.440462951345259 1.1286995363698056 -2.137537113238457
9.006267209080365 2.3198367590088615 8.599393577892668 1.7084484636481525 -1.5677029065306378
9.996977684661669 1.7918016518907525 9.473685259193704 1.367503929056717 -1.832987512371017
9.079704982533084 2.7717317650501645 8.634850665012271 2.2179582181760193 -1.0286342313339383
9.734868142722636 3.673339953250677 8.101800010584315 3.136601513018457 -0.9450372946411554
9.080155030490708 2.7756068165392653 9.071329918032193 2.1401113225288557 -1.0280384369272006
8.71517319001866 2.1900106393887073 8.492511422068839 2.9527832580996476 -0.35346034382429803
8.549339453550905 2.9800182815438405 8.616005602958436 3.129099384109456 -1.351219073312792
8.161768139739607 3.8714155191693074 9.611538920459656 2.764922152189048 -1.1560695024323338
8.771283124984343 3.192249235195161 10.388637809954252 2.548934177302907 -0.3793906872428904
9.701258630770935 3.2669116669014846 11.35849826591323 2.184030002903819 -1.2256486033436043
9.18788697322756 3.839451594686369 12.291800782146789 1.2896179030341668 -0.49916777882997343
9.797281930007172 2.843322969551891 11.530591008483794 0.4888121957884869 -0.601351003795048
10.590517621609296 2.3942178738592963 12.000510459679223 -0.09044867312271598 -1.5679209401752852
10.838210434216233 1.792571338359108 11.720311478284481 -0.8388852988896469 -0.5961594940250162
11.57665894199394 2.5697746261939654 12.266606758289168 -0.06493503272860501 0.1922880100855121
11.619228507056784 3.196195058299544 12.083758697499938 0.8334015306279303 0.7907531476914169
12.455025559564323 3.328778936349826 11.351425384648783 0.5088672413961086 1.7546896541925192
11.75258427507296 4.188459857922876 11.821516711787496 -0.24998583693244036 0.7555743043056883
12.310432743650384 4.426709389894834 12.81827907409913 0.734775546210466 1.7403506799651025
11.310889069295753 4.949816532522534 13.648595344600489 0.017027176359367124 0.7410387732351312
11.459967357051353 4.675068143959233 12.721869752711921 0.9251824594289351 1.6761027411247151
10.780952822621263 3.897107733811383 13.632504176290473 0.9490547510489985 2.0932967156475444
11.218829194792013 3.8568989117017605 14.265881278760489 0.24686735341567245 2.857652194663844
10.389709649527598 2.9136576801546106 13.34695853739705 0.4361191113383798 2.4967957328126698
10.75216807113267 2.053520577629387 12.589571068254152 0.009483788558001194 1.8933478121048193
11.744469311913532 1.4592675708647938 13.016429129681018 0.7906334205255874 1.0845228274790928
11.70674053910763 1.370384211012349 12.23334473601545 1.2900102848074737 2.0844780029997114
12.147891706350016 1.4054262121025214 11.551307624083252 0.9962494881927177 1.4016246863059922
13.010561205154932 0.5313394343734594 10.82988057036675 0.08381941479161226 1.337284482524495
13.635289700377427 1.1754426396072115 10.08083545886116 -0.3514610283552789 1.8855211623847723
14.02160091930828 1.8477878365684206 9.101192892067628 -0.6842507354728664 1.1980261377177814
14.798903092566619 0.8565954719982887 9.661725754614807 -0.29454257252187727 0.2362942947736344
15.775509075910971 -0.010449862067189453 10.632868921411134 -1.2641550794842056 0.994068020774279
16.085633581706045 0.8418441058070026 10.003224646665112 -0.3488533539977531 1.0044419399457831
15.461792632240904 1.5110238508289244 11.000383481519663 -0.47616994006214497 1.990823886649478
14.7444531972022 0.5967742646085441 10.403422942490314 -1.3170605419126131 2.9895946542440495
15.684041828598744 1.4625531119319444 11.374893585677743 -2.2749352613959513 3.7095049708640806
16.431502212692926 0.559956560842313 10.465710399157013 -1.7792107761812248 4.3890716011297455
17.420848350441936 0.9745848677505617 9.472985463156823 -1.976870499163238 4.692056076214575
16.43515322818879 1.894604750110941 9.345564411163906 -1.7509630069594708 4.914169768376259
17.435104570899533 1.457382111094312 9.00962844275652 -1.2168443272716647 5.217025250706587
16.521378747570257 1.1062162750888522 9.26699762984958 -0.6400687111965768 4.6437914848697375
16.242974261847728 0.5203054959141362 9.424139674892677 0.290846126094242 5.5435197877030395
15.279611928637163 -0.1325199223306952 9.209914986974185 -0.5961480219568479 6.479570501722221
15.370929463740156 -0.850616736337187 8.326298590882155 0.1834783440960429 5.609334981587974
16.2542074243429 -1.5542810821269146 9.23601625086726 0.6439268549062955 6.559096944970267
15.591220156076982 -0.5932911939229111 10.15222045786393 -0.02457917814222632 6.346388144953026
16.31962238946728 -0.6605550555680632 11.094636252930382 0.9593641688227235 5.362740563683203
15.39107331191785 -0.5565978643143783 10.890940752261727 1.4117388247377596 5.149030375388605
15.67995793336602 -1.316491449581696 11.38503577227785 0.42445901025513544 4.2472276927925385
15.722708544374312 -0.9336967774419693 11.753483546353335 -0.4616557771646167 3.355180772592975
14.791148689450331 -1.3822366176824665 12.156297744470914 -0.07575678252005064 2.3670479278941072
13.793716246739152 -1.3563029161383593 13.114645460745143 0.8133346873998173 1.4554785975668119
14.259160563307322 -0.49332870206204926 12.156340770837371 0.8488315713656727 2.4480475470536773
15.247880069460363 -1.2160809558002568 13.149829929703758 0.0226241084941754 3.4400155242298878
14.297256800933837 -1.201022307097889 12.213817879321255 -0.025791472390914935 4.3683612349698855
13.341326209920101 -0.7033980532084282 13.202311217912202 -0.05268928157702239 3.3840027912619397
14.071078370131996 0.087280823980311 13.49355583447348 -0.903542051131911 3.521621449232702
13.650383652281562 -0.9127191635200724 14.179770299879799 -1.5150701721967026 2.761797364777586
13.832593999228758 -1.8258366122767582 13.752000299443555 -0.6507081989091017 3.368121629732384
13.932962077222122 -0.8484769362861573 12.785609185853959 -0.2102345362047232 3.589097167687945
13.145450790335252 0.0766688912919592 13.647472712242662 0.7419216694624654 4.5884702755040045
13.227342912449549 -0.10501652573576414 12.763142336164256 -0.1098316260408213 5.548735748345641
13.405201118663292 0.8927781133255798 11.768849074041839 -0.8556277468195064 4.842546170285611
12.425436258502351 1.6330605130160096 10.911919580706533 -0.35826102421122674 5.4804504638620335
11.445522217234862 2.4273848856277844 11.01207980390593 0.046261179428847 6.454217451379739
10.909665099413086 2.7603131768702274 10.417930256364263 -0.37862104157068244 5.4631088753135035
10.490062373553789 2.728977143829931 10.290219800875366 -1.205971963129394 5.787194176473434
9.601288515947763 1.7800886326790808 9.754738844238732 -0.5672638146465836 5.19586648226166
9.213608399745556 0.7998771171153395 8.973232337205916 -0.1786495300698176 4.5933487801968464
10.066299747580853 1.5050478759465917 7.977133983805286 0.7684533362127279 3.633647321401008
10.013349303446853 2.3994739161297547 6.982299695168468 0.43648993955024706 3.342909220293894
9.087259275571295 3.119134582387365 6.003290359649446 0.6456854556110052 4.037430217625255
8.088282764082546 2.8060401642036896 6.824490123840931 0.11386743333022209 5.017748899435524
9.058505798166403 2.3402234272244886 5.881983226630581 0.7755128849136325 6.01184448465388
9.920433346626998 1.4021550400072442 5.267212792702878 0.23183831236523678 6.586483732918159
10.432340276310441 0.5071071135706726 4.584025558278546 1.1059376445478355 6.936207511018149
10.139906344523446 1.506718907252574 3.770817462880782 1.2785054392730195 7.737685870719864
10.489474197477916 2.2344854386293362 4.051464519337558 0.580040907878651 7.827302916997639
10.300471911601822 1.327143848079074 4.994873748441231 1.507073347652239 6.913961259046665
11.237663740861157 2.3098331170758124 5.815442623915586 0.606620983131886 6.869478531610646
12.191664117223308 1.704946395878568 6.811878370639292 -0.2290307043134785 5.9155995591949955
12.100630719589578 2.197153758089736 5.833977909976666 -1.1676457455194216 6.692189899047143
12.155335816562438 1.3140120949513219 6.636083702569578 -2.086999682395784 5.693578953077322
11.888462977164796 0.3434410937532216 5.813536497197102 -1.5832846246311711 6.052128632631899
10.888576812754222 -0.6196114076854073 6.680907238944089 -2.1341778983824073 6.709351075175414
9.888578640553114 -1.303173326703487 7.661445162889195 -2.893396057907538 7.683818843824926
9.7958210061277 -2.1941926727463876 8.541358154710323 -3.201830202003123 6.793756127488624
9.208614718490528 -1.752098455783592 7.552674185711285 -2.2038046144152137 7.78439229790208
9.990949374761563 -2.409382332090974 8.434626162152629 -2.854076689890241 6.8295257599208234
10.989024836600327 -1.4095080975255487 7.506654750439693 -2.2514061802054353 7.534074005185889
11.10656766638252 -2.2069757498235694 7.4788108877024015 -1.2559114071926083 7.623122655483518
11.141167191249538 -2.8795846413447013 7.160908273057999 -1.057746139702508 7.30904679312124
12.123926839143214 -2.0557160369810377 8.116012695113268 -1.9404790266869143 7.695800996425975
12.991093278580735 -1.2893233028434312 8.928830263525855 -2.3165751733140536 8.072925413920789
13.202264602939207 -1.7185991398141593 9.272632164291862 -3.0310443717600477 7.252199906050422
12.838038766014433 -0.9907473090186311 9.503534337763961 -4.0102548819756105 7.972508101758149
12.11684499428215 -0.4087595044674631 10.086767143478115 -3.069841154831156 6.978476490089575
11.119764149142235 0.5573678229659637 10.992328689533444 -3.498371883496567 7.093516628171922
11.640551000609676 1.4261700918417364 11.447259197168234 -4.264473955699989 8.016040309876711
12.40966912819506 0.5069063193200384 10.549301309585074 -3.2850788719750024 8.654740317240886
13.370677104953062 -0.2999998347665579 9.724146270295492 -3.771811677701362 9.654399070570056
13.190509594324858 -1.2996888461153864 9.88054053917261 -2.7875547881701728 8.888586585449204
12.204150384880936 -1.896554748201712 9.770120080177307 -3.2949100871792307 9.452916511876124
11.296200417877774 -2.142487440405158 9.557936424112686 -4.2429019017783824 8.6223986338987
10.297788187346173 -2.5255140252458097 10.287642810634273 -5.18904572994591 8.271445730989829
11.119091889542979 -3.358617811492363 9.597525912844066 -4.310835994493857 7.77006353082843
11.013580525839615 -3.3468278568028276 10.48248114985752 -3.3746491615919445 6.7717709805147015
10.336787702069078 -3.0509681306090326 11.117257068757556 -3.0837185858003897 6.069682778363089
10.603997350135943 -3.5984014502907726 10.147301803195752 -2.692026856972139 7.063524390090368
9.618275245214576 -2.621913381718919 9.241454895384418 -3.373041847249323 6.737306915637643
8.893714941888913 -3.5214447341628086 10.241223829710195 -2.5718163263462257 5.9572555353314804
9.660256113448126 -4.258907183817436 10.078513321352329 -3.1987057158010463 5.064257472445166
9.823231256556566 -4.703781292131072 11.070552010527685 -3.985318279745857 5.521090574597531
9.367188355353402 -4.362089575004021 11.847603379925143 -4.187993291299888 6.311995879670477
10.250496634474558 -4.5567887073661435 12.530713764094491 -5.16493613671386 6.881413677625128
10.103871486225412 -5.114731694890118 13.241209188840227 -5.984711250591032 7.749766716069106
10.941855677715468 -5.809511470236524 12.40157711373879 -4.991289026528053 8.511926728292643
10.311819526706133 -6.120930474149182 12.053174519755537 -5.612873356519467 8.334192133948413
9.316666144276274 -5.432551632221649 11.083001022256106 -6.2848858761268644 9.245246249884994
10.173142036926748 -5.896798942860186 11.019374992403373 -5.536488711434056 10.126278240837609
9.243939945692048 -5.052589009314976 11.518077085203517 -4.79985043368936 9.1772227629747
9.881143450181428 -6.027888997092733 11.816111169149424 -4.841558159666303 10.176188254113265
9.119247813137871 -6.972069013689935 12.781192053907732 -4.295675317302402 9.283480663839134
10.08761652610647 -5.973111159054303 13.437055932081652 -5.237236591711789 8.287315938030122
9.45893776352339 -6.183385400062235 13.099612261929904 -5.98042322160535 8.993155372341361
9.839683384959615 -5.6467202440157465 12.152470383089646 -6.9073007579773185 8.418623128460347
8.840351387355827 -5.128214901917941 12.69367386319226 -7.099535086486154 9.21940468281819
7.915512067964033 -4.451817004995516 12.725215944394392 -8.071005975101729 9.62679411543284
8.63746808056711 -5.451310238382303 11.97036299262018 -7.88540029628447 8.96046682978026
7.80016563189872 -6.360790448619684 11.902902462284707 -7.1086458584006635 9.946458142640553
7.504227539570192 -7.357578330362859 11.84199754540158 -8.04154087964536 10.572105897721544
7.814227476470958 -7.912532307079994 11.887732454658488 -8.619400584740989 9.775267747100369
8.759122100411512 -8.149947920621722 10.92929647672364 -9.573979609824233 9.900002922795569
9.636238769813671 -7.150224021222824 10.032301609158857 -8.621160967596671 8.970602421198585
9.674986096151462 -7.800317693790879 9.164773361571772 -7.630611270354249 8.452089950473976
9.662584963668843 -8.56883756278437 8.962774944384131 -8.055445733111277 9.393766896423717
9.931817533089546 -8.910109121675227 8.409425748382635 -7.577092231372135 8.833749012987457
10.643366984495517 -9.719280109550581 9.209232335599506 -6.67759858584469 8.249043867847735
10.208835309524847 -9.710322817550079 9.703002848355247 -7.589522361689674 9.247755341867105
10.94663387308157 -8.763418730434939 9.632199054884282 -7.291898149734825 8.530181830096188
11.914166071066262 -8.109693389239403 8.632220337153738 -8.192335406956012 7.843211997091338
12.192227958178348 -9.079932080346314 9.627961206440322 -8.1709791679842 7.79242731210177
11.51421385530039 -8.34095440993105 10.049698885463494 -7.88248119690917 8.555393319038043
11.241799571160136 -7.3519679792006 10.740894889073012 -6.9708602393824 7.573095561978854
10.242276762897829 -8.26657014277416 11.649204417040828 -7.9708154332786325 8.505078857199242
10.417026075799347 -9.127389722218513 11.593260270717604 -7.464314563486435 9.416991723005495
10.822035147152544 -8.129110527420359 10.945477064596357 -7.744820358162484 10.151114654428033
10.038234343597466 -7.789907891938981 11.603744129739619 -7.665991490449236 9.398085467587858
10.880285170845818 -7.1319774087381145 12.067528195560948 -8.466729885608517 8.515307433144477
11.872044087856391 -6.26159271769233 11.369914381382246 -7.714475501975721 7.557898249536919
11.845949287784878 -6.1012836347044805 12.350219488418958 -8.084255625927993 6.650105478025061
11.12883288336744 -7.076435717483338 11.679611911810856 -7.937171663613613 6.122967527240249
12.118754201919076 -6.966612122070969 12.668096654368188 -6.9621077483221185 7.091293290194604
12.478510402553786 -6.05867532047748 12.818121626437293 -7.86495018903651 7.308507504032282
11.480934327335467 -5.303981999712843 13.479095908667189 -8.862652138131624 8.243678690538244
10.504828909959313 -6.272284361181703 13.381197106652168 -8.150826824066895 7.266516916051783
10.834637489338162 -6.289314903953735 12.38363076585812 -8.119786465334988 8.051167628158161
10.676613296925252 -5.299454964157274 11.385393157252377 -7.797757271877587 8.72370659203834
10.099289382805097 -5.937625365346675 10.886205446099716 -8.393468365946458 9.568317195980933
10.747231831390868 -6.712896469075071 11.128665500768053 -7.7414682286656245 8.692152111641674
10.339611095607712 -7.662188776112419 11.902335423590845 -8.723035120736462 9.692134518453111
11.317634637772622 -8.221074613559832 11.852664261371512 -8.512883236815105 9.647607923306376
10.901502736524655 -9.207427721155856 10.856134057166255 -9.458858046836303 10.344689954671537
11.287821253328088 -8.827203862799891 11.214139061561834 -8.506763860445009 9.351554172156733
10.382088058007975 -8.845581030291504 12.00019413142963 -7.615557898641441 8.390629872716332
10.943341489476477 -9.84546965221973 11.61075220815351 -8.614176650128531 7.395324723782294
10.42839832842668 -10.51411330635114 12.332299866738893 -9.60123468573644 7.004200853557276
9.457896033054572 -9.817852172745054 12.63796679285107 -8.687715868738817 6.150894827742187
9.429474609991829 -10.725448411619714 13.637695106282038 -9.488231652407922 7.1295050989035005
8.85055170368352 -10.43838053269272 13.650076081278922 -10.186919322045558 6.141162925305927
7.862909778767831 -10.458782168344802 13.740581900916869 -9.781273647465511 6.2918127386784315
8.623185344142264 -9.577047155879532 13.186421449620465 -10.20426649190505 5.626450575564111
7.766060856020543 -10.551075557369478 12.191921210652817 -11.179878626282417 6.581496254760447
7.671096351313553 -10.742556466530353 11.904464049132516 -10.183152699816135 6.212499084584151
8.554264483685959 -11.74254587013482 10.905274246963618 -9.780664791624385 5.221969517069152
9.092816486627743 -12.574954511066599 11.39945471489532 -8.782191876207397 4.295268185402132
8.466613621693273 -11.575201186410542 10.665075487653997 -7.947430178741988 5.295259497570727
9.465833718571275 -10.801488565565801 9.686904923142354 -8.254773238416552 4.337889827306883
9.782383225283217 -11.680336485555635 10.317389849149892 -8.402570767625102 3.891523691617853
10.621190190043457 -11.825695135351053 11.305897866406259 -8.141973021061954 2.932584551093555
10.751081823395326 -10.8389115748209 12.28116295364995 -7.192685799887952 3.925781408117627
9.852103476267418 -9.844786957166534 13.280437608672454 -6.559053872653689 2.963434772374443
8.865191387244558 -10.430365840035472 13.663724187189121 -7.43581774661887 3.9605485779799072
8.353260332378357 -9.765130995172898 12.946522143177102 -6.84455869868538 4.751630456014905
7.696059681806488 -10.64903172708789 13.213838935344587 -6.182961881291991 5.3214385645532545
8.35667265672463 -11.624620572028945 12.314418171378861 -5.696630057269154 4.6984618948068455
9.173035236677338 -12.104006508796921 12.353975498774151 -6.426931941576681 3.800362699493273
8.996285697848856 -12.602623932996261 13.329166846753811 -6.701584138055175 3.6687040749604654
9.457311322157667 -12.00600806945882 12.684373558683808 -7.699633910989203 2.68194026576867
8.496832700318834 -12.715887221148838 12.04179524486241 -8.638884095904398 3.681521451726427
9.209490265694553 -13.64203515684582 12.996047880267996 -9.584110638018755 2.8721100539204336
9.06906392842313 -12.946982808121358 12.306851481562047 -8.610378577942747 3.1973922440238995
8.559558838305387 -11.947423099638122 12.276372907474007 -7.6839576542248125 2.461791445300344
9.447687184908345 -11.357924650139106 11.283680968115876 -6.920402308554693 1.5294283540186804
9.554122612894703 -11.333435047503585 10.334547775478942 -6.0174762436692 1.7555973664024582
9.785335305577735 -10.414417594217372 9.385678545648524 -6.837019404525175 2.1213438331512933
9.805480191254032 -9.423235552064156 8.823464917242749 -6.5734015898354885 1.2408418715104883
10.189909357923886 -10.162696813639121 9.1439009020261 -5.895002338231771 0.667014888970923
10.809874052439103 -10.129894945836826 8.691878460639652 -5.097960107878111 1.401149745488023
10.364120320030963 -11.129344659913372 8.478155236106874 -4.66571519866954 0.4413002171747782
11.276769175451951 -10.88914204056004 7.47919057559086 -4.109756029881598 1.0949511202325348
12.173887339897597 -11.261332605838557 6.548496424698428 -3.2811903441663817 0.1592465163385326
12.409746174160398 -11.21661814511359 7.532467264962886 -2.610355612235289 -0.4331242965601527
12.44666770266827 -11.683431362410353 6.548163376290769 -3.6102122967901056 0.48044005774058907
12.551731554666324 -10.825355849779626 6.778756199535401 -4.588545071893813 0.4984342097313276
13.369055107859866 -10.512026791069236 6.021302756439065 -4.294157214410985 1.3167169325014207
13.01438065890906 -9.536932932476274 6.867428604599517 -4.2281218729918395 0.5758329345858733
12.73680464662107 -10.150954802606071 6.325021315828766 -4.592094015018471 0.3437514951762851
13.044499298034651 -10.013509317224639 5.656201473983509 -4.43145736424331 -0.4737571448878124
13.94637914607591 -10.663376367239053 5.021932463960178 -3.907869624458233 -1.0501614197337148
13.958786278303466 -10.292785228271487 5.9709739726307465 -3.786776395540239 -0.4558020291209065
14.650210514446849 -10.630130909265244 5.105790734171405 -4.761557755406909 0.542524667303959
13.896207730712689 -10.336677869391453 5.57481043714604 -4.679958129473522 1.5391011708681126
14.831225667148347 -10.53968796683166 5.652783609433688 -4.319072286072674 1.8643946410665833
14.403736775407861 -10.568212896755467 6.470807904610405 -3.617088720594388 0.8881027068959153
15.307322782352259 -10.709332651268246 6.841447908309029 -3.2433089464652824 -0.11041180458582456
14.308474107754769 -10.488737495617867 6.740496156360814 -2.34255714694952 -0.40206152766083064
15.227536931071636 -11.297642465438214 6.100379709610367 -2.0974855559801133 0.13802816916962174
15.628047080220039 -10.598429092517328 5.42746067230581 -1.1222814282888534 -0.3803484149253706
14.916435486782529 -10.985286179093576 4.530556544570631 -0.20942251445268312 -0.7963352452164867
14.443882092783532 -10.614715259436606 3.535884158313826 -0.8090181431333355 -1.1003519360802283
14.870317419028595 -11.51319747825437 2.5589011576379086 -1.1650987141800841 -1.2599304765231731
15.830196788485747 -11.336311860984956 3.557443469987186 -1.948488918042981 -0.3669415007622746
16.828856818941095 -10.828825971808868 3.9169607072164165 -2.393630151881524 0.5214011127875526
17.25037203347014 -11.144193667942957 3.178202333207168 -2.1376603830360668 1.0433462361650117
16.50885364223071 -11.326250416741779 4.170709922043584 -3.0535992374744585 0.19135668002342887
16.97724116279142 -12.236041946766823 4.804397118220042 -3.928852436351112 0.8677465740797831
17.03155965417079 -13.172080898747726 4.341016403485724 -3.2835601624946555 -0.11678667628390749
17.998003676225654 -14.138681778477055 3.768952051183158 -3.96206215852217 0.20128470613571048
18.517361139316233 -13.851909303693287 4.674720148324181 -3.7281782679153506 1.1458748288516096
17.96326067516067 -14.265848772717218 5.537862286333605 -3.7898373871380433 0.5239613739426656
18.48832655136517 -14.141155910042727 4.6035101868684505 -3.757645587816041 1.430022034594691
17.489866114455626 -15.078698086873581 3.6467446150446694 -3.8834484148369275 2.428551445605564
18.002379592618322 -15.03132219473962 2.6599039445445043 -4.873653007998827 1.6628705890192077
18.796254738408546 -14.274203986628956 1.700497802131631 -4.0035606122184575 1.4187785202957488
19.093631821392144 -13.486479298009229 0.7873828962750583 -4.159893881748114 0.8921620757497908
19.361909320387696 -13.04860439616874 -0.20989359377865136 -4.884976985381789 1.4519033380236595
20.10799977293696 -12.903545311620856 -1.200501596908436 -4.149671943504178 0.5696273447864353
21.107786019922898 -13.184598347486158 -1.523635075881724 -5.13602710832128 1.5262446520017319
21.947183449199287 -14.075552737999894 -2.184068881235144 -5.605318030552534 1.3076240797083731
21.046245386732487 -14.812533237055979 -2.7571660807684193 -4.605335607830502 1.427216738931873
22.037179955619692 -15.780489730377692 -1.8189855165663473 -5.341928986383478 0.44580349129753105
22.588132384935612 -16.780477297061733 -2.272538067665351 -5.71961148708763 0.040740842564905566
22.671658028075925 -17.76721107857035 -1.9171521706287051 -6.637860591847648 0.13205299273595505
23.317387690938123 -18.575213180552698 -2.1027061169162025 -6.228543440827397 0.9993444374568005
23.9212670637774 -17.712750205412163 -2.6402244613591597 -6.892441665960984 1.8971710502759322
23.07587617935199 -17.887378546386756 -3.110711492347379 -7.4107938890169915 1.8943588743556063
23.677849424750974 -17.015539703633216 -2.1525389386308778 -6.509467843288651 1.4300856836845128
24.651997080357454 -17.377157629972796 -1.8554668929899443 -6.712749963900128 2.2192374129491474
25.539990751431063 -16.948260460212545 -2.4021496539683094 -5.754016638871261 1.40024814761712
26.24690261285903 -16.67406942718879 -1.4101813831390742 -5.780633250897403 2.2098502539079465
27.24027099479411 -16.27393138257425 -0.45524774205726803 -5.0522205118046095 2.472449398995344
27.071736597755333 -15.341249574136597 -1.4200730886157173 -4.176659126998311 2.4055818955118493
26.52705624032921 -15.751563018112952 -1.1174139443028572 -4.238857648763657 3.0291554201864823
27.52395500728967 -14.870115703900973 -0.37249429951428525 -3.389190000337031 3.693653127816091
26.727646672948286 -14.336505020861566 -1.1434687509430463 -2.964043185089273 3.352220966278587
26.94835999284013 -14.382921749272812 -0.15242001930028204 -3.8853786874851246 2.437672067555803
26.891796494053793 -15.044525849241232 0.1589977383303448 -3.6088673776996525 2.8859852047388226
26.704765362703576 -15.31917215296609 0.38691856681387127 -4.583469222393669 2.310761543556958
26.269328643908043 -15.970103204396294 0.4301615052650828 -4.81477621431486 2.848706771688696
25.887872065003492 -14.975471601720939 0.5434228440651675 -5.645242845856792 3.748982314602218
25.36105861775529 -15.16622400709881 0.3782118606949644 -4.709836845504672 3.156956548811249
26.019007978504046 -15.881970189186518 1.0284383508390724 -5.267845671233969 2.157569412252598
25.248435915287242 -16.591642885320653 1.5200426254035686 -6.179259386594688 2.3819213392399985
25.10623227714223 -16.86116759889585 1.1700880914082412 -6.786872278521996 1.4992651585419008
24.168491086855617 -16.160713953462228 2.161754815995794 -7.77505868710255 1.432588204680225
24.6647633251487 -16.04454550192181 1.8868526036113815 -6.859414298162777 1.354662509190199
23.753229674979544 -15.599467605056168 2.0471056195540984 -6.179154864925004 2.331181172857383
22.791824804350146 -15.924910406506571 2.513419760645004 -5.1821939447531316 3.331174766647533
22.293122296874103 -15.129523715443273 2.273318331461437 -4.739769966566687 2.661601712930068
22.53510345481626 -14.793176482260575 1.7524827323124175 -5.58464508839529 3.1929359892726676
23.244320701753438 -15.72354391524627 1.5284829363753174 -6.222073123693507 3.9058082584065748
23.70141965847707 -16.435233785212883 2.312689119260674 -6.994057905843401 4.875619098646724
23.825631807683568 -15.436464037244793 2.1306456319628926 -7.902707481055395 5.5756698391644886
22.882165008137868 -14.764190703219889 1.3050816921029242 -8.821636689713394 5.168036839283301
22.67926053130919 -14.119591762561226 1.590547032310557 -9.600268719587865 4.944571774588483
23.041722682777323 -13.555762335247268 2.1147755053955932 -9.606520747861719 3.9466581073175395
22.740926056573254 -12.990770207030724 1.7316111782034884 -10.468586366349744 4.413036363551525
22.911181092601396 -12.17129071688727 1.1178698293905698 -10.471265093129391 4.69253106761615
23.320191856177917 -12.829405980603058 1.840812064008315 -11.257457601922908 5.652525947067661
23.564026219457823 -11.893873969687998 0.8576777760226327 -10.492264378836678 6.634459886525961
24.237035620422386 -12.760577625021469 0.12941109846767462 -11.485972552021195 7.514636023481018
24.729913481650996 -11.794153154344425 0.9331937647032433 -11.262577520159292 7.435538759185916
23.847333045973517 -12.753950224286172 1.488326130132081 -11.750449452524705 8.408323785595783
23.8508255167143 -11.794562420536263 1.475769708298197 -12.725317253355305 8.759583088499443
24.85046500817643 -11.96539425669592 1.9556504093218723 -11.81163430862908 7.769983327639998
25.10791254027855 -11.346505565639179 2.524776067655225 -11.504101910847679 7.240714082121749
24.140054327639483 -12.293562622372166 3.5040119424260743 -10.550354460459497 7.715335499692302
24.920520509070116 -12.742586269628813 3.3027178264375907 -9.558242731428678 8.615856019453991
