-0.9672631679353625 -0.03510352553818329 -0.7015814003940257 -0.6664904158976312 -0.9942385876570432
-1.956695870433557 0.8416254842805324 -1.3545355270441894 -1.0066491007343068 -0.4566294730585335
-2.81594166018393 0.9584458926482045 -0.5078767644813309 -1.3350929261220352 -1.2529904186361724
-2.410068255640607 1.4654669399573184 -1.1867659354306563 -0.8229051618545353 -2.1540787706010773
-1.4948744348591627 2.0288425457901416 -2.0280537079828673 -1.4180378424128346 -1.3088722258718613
-2.10034660304028 2.7828904511922063 -2.6709087392575954 -2.1250881305026725 -0.8307396763017827
-2.3402575302877056 2.1780578593587565 -3.298335750333925 -2.6830957092461873 -0.5591989766836389
-1.6468311982214021 1.8620506567407642 -3.0783348302105615 -3.6820727661994965 -1.5539662350190877
-1.770883958305624 1.6993597693824078 -4.040981123761366 -4.669488921165834 -2.1412794966236413
-2.5409170754775277 1.4426197077393188 -3.4556104007840647 -3.8028307693694314 -1.1538558201200826
-1.5906344985117973 1.7906642322264434 -4.206047028609672 -4.6879108802836775 -2.0082250842693172
-2.332142061887363 0.8629928552750636 -3.230139635494253 -5.299044635247809 -2.2356402175170738
-2.0202184814850592 0.9677851934007009 -3.766414580302186 -4.324155183914459 -3.1630984616923428
-2.4299843716835823 0.2540625254581269 -3.4520114250670075 -3.444097869925729 -3.2734621334602783
-1.4316134198195867 -0.7374778714258857 -3.065032472083881 -4.2702025761287885 -2.356097972132084
-2.3934466540540758 0.23665052313766055 -4.0640113669920535 -5.173197446513688 -1.4757098274914018
-1.7512789599567515 0.9715763900042472 -3.4562831252186546 -5.3548760737206536 -1.5209599230093245
-1.1849806017141122 0.05023961022270207 -3.3466224306925287 -6.340696645959496 -0.6669109765426738
-1.5804588980919607 0.6747243341951399 -2.7753694100167436 -5.981355935232214 -0.7934607191537625
-2.557302185134627 1.145286353323292 -2.1994949787043736 -6.842158791513587 -0.5589546338081638
-2.157205083287325 0.5592561898204753 -2.555649568306368 -7.203164782188488 -0.37246295701962556
-1.1612754403286063 1.395414429170717 -1.7130799628242042 -7.49713236722514 0.06982628231968308
-1.9615092138476928 2.272608089712576 -2.0879595591777314 -6.760796845619259 -0.5139628884160965
-2.439481844725064 2.258300705317633 -1.900502607577325 -7.702914199694035 0.4796394915105513
-2.6831034743183158 1.9601522250348802 -0.9039727845968899 -8.233028384073178 0.11156967819456903
-1.9826883139100229 1.18243623028303 -0.948916357051029 -7.491567396034918 0.32456051908015804
-2.0158962125235127 1.7268274469811478 -1.0874592604875992 -7.676907034042781 -0.6746056333680311
-2.9001591425660482 0.7488557984837174 -1.8335400912572775 -7.491949843446216 -0.9236675749166889
-3.8233078532215217 -0.1162937917864566 -0.8612839571638611 -8.376611532291369 -1.443986834996584
-4.649259961165188 -0.7612628508057864 -1.7322419547145798 -7.383798776851461 -0.9703712413020904
-3.9907503098683574 -1.6948082932114823 -2.7265415566165183 -7.615953302522136 -0.684464666087649
-3.5628917126138724 -1.5782047502884449 -3.561775334883921 -7.733291548221977 0.3155196195699256
-4.505278322039143 -2.294966401979365 -2.598803095220505 -8.73255984480779 0.8415074182391681
-3.6108411552447426 -2.53814702289109 -2.3807063422736205 -8.67072776326684 0.1491163178599717
-3.1238596468210864 -3.192411328655929 -3.3746601633448705 -9.666964076409208 0.39962950251543405
-2.373981594288522 -4.057778549981729 -3.521112714379559 -10.582309009301797 1.236363217416817
-2.060880653145603 -4.833716913241864 -3.4701212898198284 -10.055667564716474 1.000213017734938
-1.8282093096992922 -5.770075403662119 -4.17773023269394 -9.405288459315681 1.8965338384279669
-2.745333370004631 -5.141104161377413 -4.88458562765373 -10.149928589447759 1.0702893585035287
-2.0776381559916715 -5.305297599956621 -5.872534593718746 -9.661000645216333 0.434931412770168
-1.5150045324034913 -4.978683878091134 -5.741301859902264 -8.714901008505784 -0.5508861271143628
-0.9999624146052696 -5.026041393721928 -5.262778328605665 -9.429645143916932 -1.3367986106812504
-0.039568786470058015 -4.0395934976078625 -6.147146515472357 -10.14450882928461 -1.0042656000466585
0.9519100288873642 -3.58155352644627 -7.14148659269668 -9.155252324817193 -0.09284947465131321
0.5715729452124081 -4.505124394906235 -6.152467581040851 -8.5296788055176 -0.26920410414066975
0.5031370496161787 -5.131711295272785 -6.319025361014592 -7.756021766227039 -0.14975127138765382
0.8446268001221511 -4.709198480624816 -6.1324386095066 -8.658405746831448 0.8043499191643932
1.4331873657725354 -5.455488987621067 -5.304800596640917 -9.566810432213513 0.15998598080014814
1.240763751936393 -4.852151216603763 -5.719165953514373 -10.549399883445133 0.21187957502340515
2.1676198041645574 -4.040388089650198 -4.8287802145054 -10.443070844312079 1.0006605142305018
1.2353371921190353 -5.0331658504438 -5.4548263398970604 -9.520751299100452 1.8888346862662908
2.231028004648117 -4.64100164549332 -5.7825590202754 -10.518284957858326 2.040100088876366
3.0139699213755087 -3.820314759164675 -4.789993002078019 -9.576532856619314 2.463750572043336
2.0850472550680803 -3.7169617917185116 -3.9722914951831543 -10.006698672084706 1.6409316919598265
1.1369181654093161 -4.608761698667516 -3.0758515423369497 -11.006434076316246 1.9809121115054742
2.080782447139745 -5.5789218414358155 -4.060979351543226 -12.003296148842479 2.96151498595402
2.6421123921167733 -4.787538492398221 -5.056440316362364 -12.412275200914273 3.656208729665974
2.4579712722712403 -4.17331065117896 -5.130877982703209 -13.354587243872881 2.695170584546192
1.7408098566360843 -3.185713759986317 -4.173954380042964 -13.580495310230972 3.205784351383434
1.6888194547203326 -2.8487247926145587 -3.20766261389057 -12.784760793374096 3.6587453135466586
1.6936210351588918 -3.531163968096133 -3.7275124980090446 -12.443205488472618 4.4053432763827685
2.0021917751132805 -3.511725094857491 -2.744021501692423 -12.960706551123785 3.470829756083834
2.9540099985230883 -3.5819344734592296 -3.399000108625895 -13.335734212066168 2.4743345954447613
2.3907728211839805 -4.5571037858063 -3.7993007069980287 -13.301683433174537 3.08138175525999
1.4630344613416497 -3.627332101453537 -3.932379286173603 -14.299370725444449 2.126534772249299
0.5213740803744772 -2.897648766427772 -3.5132606309414958 -14.406298301350004 2.7947850056168404
1.287155857845013 -3.5739737729201115 -4.104771924577629 -13.937757540338096 3.243798229498277
0.5452680763079547 -3.3967208261809483 -5.097651462381682 -14.559336465739197 4.173706088830514
1.5282988729945366 -3.335457777412468 -5.339211638306268 -15.437060303590806 5.0623695904138275
2.182020785065077 -4.064601978831318 -5.177745494692013 -14.58195556790484 4.939970539462099
1.6539176143896588 -4.386766721860311 -5.521754977191431 -15.428926813703729 5.926600978682917
2.465840504011611 -4.504474313381237 -5.740478802453644 -15.618397251217495 6.657200965418086
1.6698282018548363 -4.193869278021531 -5.246844724649293 -14.768060288654816 7.599807823473897
0.7881973037222143 -4.928865528530515 -5.0199934925754235 -15.76205106999331 8.096910331322821
0.4238640898005363 -5.699463307995787 -4.020000760163662 -14.803215249953151 7.289770055048152
1.1816784370342381 -4.8586182695106235 -4.631976561943041 -15.733744415179007 8.16882373512313
0.5142732042567859 -3.872313570522544 -4.620923217741078 -14.876105043619498 9.145598115832032
-0.20651839323431886 -4.53215756897082 -4.448147892548698 -13.876159885450441 8.313181183897486
-1.1964645179074616 -5.531449713301272 -3.661947301720083 -14.54204341226699 7.327680565412889
-0.4604416274470431 -5.268838316720924 -2.816044227808621 -13.558771297508745 6.771176605113317
-1.2456448940560407 -4.933032799889231 -1.8161918370371488 -13.808555526710956 5.825524001975653
-0.2505597179709035 -4.374721195838273 -2.766053561603641 -14.642227406802755 6.777623785140859
-0.7702407072495343 -5.325483712646112 -1.7688083231254508 -15.315522803227037 6.327025666094979
-1.3794238305146507 -6.274257039068312 -1.3941703301415835 -16.084786583642877 6.140657602890723
-1.8750376106963675 -5.280885662544555 -2.1367909790903057 -15.279281053635636 5.962094413918265
-0.8843095387788836 -6.27426513776688 -3.0106682025335316 -15.975004486916912 5.065259347367319
-1.4020622699206724 -5.274606807477483 -3.984395253993708 -15.629847534053974 4.81720804108254
-1.2104484014923824 -6.190818771984952 -4.68616505775362 -16.62895457394624 5.39728261391499
-0.5191020246203716 -5.191795591579195 -5.4530951684652695 -16.796675944729444 4.515528442802476
-1.266898915297535 -4.695074646231705 -5.121130383379062 -16.396322220278385 4.121975948116423
-0.39238283363435456 -4.477862238401462 -6.12001302166828 -15.662804255290617 3.4428264358621616
0.19996758172552354 -4.15460269787579 -6.856142515428864 -15.11653427256685 4.250846656431448
0.9816281902867391 -4.05095268329111 -6.177396553804283 -16.06289192807914 3.3811296272275335
1.458852220477548 -3.555879544510231 -5.215591283781442 -16.713232912575403 4.2073862532349695
2.3884698355114313 -2.7744229445634914 -4.230728335286374 -16.1231453397047 4.191949526631057
2.5518783198745028 -1.7958732846180552 -4.556021270568976 -16.795504320492153 4.9896509108513465
2.609348570422413 -1.6456580744601388 -5.029973988329159 -16.475563659586975 4.144256142740384
2.0081834853997806 -2.2913525610027436 -5.1983273202760785 -16.27578653797962 4.476503948441031
2.3458551967457932 -2.7984728400140577 -4.523573136427549 -15.327257746800644 4.511398401325112
1.3514961341988836 -3.6542947166127444 -5.50152543477272 -15.928466968316402 5.5113446126068855
1.3092787635838556 -3.6057944935979402 -6.4689037967467415 -16.75775223746631 4.612608665656184
1.906329422585832 -2.7341667041075213 -7.423366585941252 -15.954720736495553 5.514161350570396
1.8699697229709755 -1.7756560362001717 -6.502406858873251 -16.02209899791642 6.507037756044253
1.2415423392640854 -1.417431225144427 -6.0376542927391155 -15.127798982648617 5.624665188086365
0.2557433532558572 -2.34689850994771 -7.006729437254932 -14.868293999374487 6.118579102280703
0.537934461789388 -1.3986330671360083 -7.452022523168868 -14.3918244255405 5.9780162774665015
0.3672577406621357 -0.6077023041759524 -6.934682988150294 -15.37257553600129 4.978019094026492
-0.6231572807576911 -1.219028411795404 -7.104757832439676 -15.435799119649923 5.169071099519399
0.3582994161147737 -0.22171459350060108 -6.306846725453732 -14.999801789174546 4.903542564903219
-0.641026791693582 0.36072208305410436 -5.643253314366968 -14.222672989816095 5.367844768935896
-0.07337445400838982 1.0088147121503903 -4.7157474495799825 -14.749462950835857 4.69950784461458
-0.1825397533647278 0.17678381418804834 -5.6217756636066705 -14.704587216377874 4.2551448344221985
0.15548556604192418 -0.43107915903416394 -4.740817325668139 -15.24921539983127 5.105877964265597
1.0812039643626774 0.39233683685289555 -3.7537457297702694 -14.375079950926809 5.10270272479923
0.22936922233809753 -0.6076476227742044 -4.4947297862563795 -13.824953215768755 4.155720313934586
1.0361037941498243 -0.9209798230562869 -3.8350299776194614 -14.605708562815375 4.608355317337864
0.9888832053017377 0.07411305640366261 -4.216183386805795 -13.61157313538293 5.003646259685054
0.11300922814397218 1.017463748087318 -3.54452789897622 -12.793675993596956 5.953330857741015
-0.434305233050833 0.4231386184171041 -3.9667984341948896 -12.795461110114209 5.7914163639356095
-0.6740177449508495 -0.48454639654633014 -4.817954377566461 -13.01621234323864 6.728679456851273
-0.15719426180059903 0.018442775462371608 -4.915160978849063 -13.63297242716039 6.241088931318501
0.6002108310803982 0.8651413226500813 -4.304445649275017 -13.787180599226893 7.226959529248818
0.9014808297612209 1.775601881093289 -3.7037692928579418 -14.75562309467558 6.338756805947827
1.8830981562354647 2.0057003081427407 -2.752076601739469 -14.496102996874983 6.087997785309212
2.8193907334087753 2.201846228505944 -2.098858466115942 -14.083318048775261 5.215931626741205
2.009699039586911 1.3033971312089876 -1.12944558817553 -13.852275575417437 4.3140144161358895
2.344952987358208 2.299873815545 -1.874055226001639 -14.69980092615495 5.2524536349101725
1.3460183991408292 3.2885800004156387 -2.213946612662159 -15.07684071339425 4.253368210679005
2.3261928576603745 4.23041149762613 -2.7629948727637803 -14.33438100889246 4.328440508037923
3.2736537838604116 3.250003273823678 -3.24555862207472 -14.080857088304024 4.7113960842142255
3.011802729280958 4.105329632452285 -2.2705179731510974 -14.957437273808234 5.63873791913342
2.6044699493440087 4.335632715864987 -3.194312010196153 -14.65971496047802 5.342214441362079
1.694531504167373 3.876300705165838 -2.202724721377045 -13.660493584710258 6.339243200934988
2.239599228396904 4.730025859046302 -2.1134182335087246 -13.981721325458581 5.869961597097515
2.1973538037816422 4.839253314663607 -3.0854714746973277 -13.283891004728677 6.790998208122782
2.7351465196487106 3.8940273194539534 -4.054824365906143 -12.40636373488027 7.603541442569759
2.0883618027207436 2.9493644027046058 -5.054821886559195 -13.35185966933173 6.986269827361062
2.949102267538172 2.8243637330025546 -4.345835669533874 -14.079976133668161 6.031417123243768
2.8572431482550193 3.5357805029664737 -3.3869008225050976 -13.442822583224713 6.7914316082036645
3.837063393077372 4.0956834011174355 -4.386900572264559 -13.422267768887023 6.724193145863935
4.232717995703542 3.449019098061662 -5.066944495819137 -12.58358772408385 7.608859353865157
3.4937799945300014 4.123550153171428 -5.680929133134428 -11.655804210574466 8.514546513838612
2.6334659080204674 3.5282961409897564 -6.560953995302099 -12.524839689317176 9.481602058010964
3.2920622407030473 2.6826126626897 -7.2838328016817435 -13.449678886174231 9.445084615232705
4.25118223784461 2.4017224552318392 -7.491444944277717 -12.947770559073936 10.034859035867836
4.846498842212954 2.7578630031359346 -8.030457845588522 -12.745338616756507 9.41019995443205
5.84458040239905 2.064457644170325 -7.7110563010240325 -12.920363178130648 10.384176061312555
6.816005138110931 1.9197613568970817 -7.7553202715925575 -12.695162785819077 11.382118764625949
7.626756365476147 0.9421669774093718 -8.66759433748569 -13.261542968072607 10.413507146660566
7.474179105574901 0.2082721167815772 -8.713322140228755 -14.253301989673666 11.410891644636992
6.508155207010622 0.9291971343745623 -8.547030668593361 -14.756788474444082 11.666328311074555
6.143122551694731 -0.01753709945644888 -7.575456562455046 -14.754961129993152 11.496760538163029
5.320532657478413 0.14188801215414856 -8.008944043818675 -15.554846508312986 12.149378168886013
6.195847189314522 0.8380295392463986 -8.497399326580757 -15.921286184216697 11.228314557106142
7.063827924050159 -0.15668096434949408 -9.358913134277893 -15.369421994825535 10.8423380105796
8.062763167646452 0.8367133543471439 -9.513471300097967 -16.327877505715794 10.558451743386579
7.427488530475375 -0.1569959712601624 -9.250435670872609 -15.593138247394327 9.63515843523922
7.365926230748466 0.1772860851134606 -10.23576968918971 -14.70940041844517 8.635370133316721
7.932508085423085 0.018289554851454337 -9.551129252116773 -13.717823531161555 9.02689233186868
8.890891238004663 -0.059071610457169105 -8.553716415007136 -14.013312046279399 8.147054934576722
8.579562295166355 0.5634230541714675 -8.376744283262612 -14.794363297840999 7.163854938398028
7.711135001421844 0.7054771924350499 -8.005558856345733 -15.244189219407103 6.176633985122379
6.92907957475878 -0.2826258124847991 -7.015786465310336 -14.307135949097349 5.19360175066169
6.033071278823299 0.7074177058783581 -6.999282323884593 -14.946899912756002 4.5426480892835475
5.250880261273177 1.2530801977402177 -7.319558034880758 -15.427552668898981 4.256068758362695
6.075950868300053 1.4109517611272853 -8.307709391442597 -16.158044516691884 3.548430451156836
6.858710520599823 1.250351361075841 -7.6114367314839395 -16.548493589993175 3.9158392967418147
7.827493743246239 1.0984637732920974 -8.12085910635871 -17.336488141763276 4.726400945946434
7.955252516485779 1.5582067360097702 -7.9982439265962535 -18.327539423018433 5.465555545333896
8.822345496006179 0.6044531458741451 -8.992710760073585 -18.62438800708814 4.48185677840068
8.361492506232212 1.3341421916448013 -8.001500269412402 -19.00279981757036 4.693111533552236
9.221780800140655 0.4447776761307911 -7.858293591044089 -19.8144037602963 5.6336144249230005
8.357237194197076 1.0836501453771246 -6.898318801640552 -20.38016033765369 5.008652238775053
8.534892181732774 1.9117377562572138 -7.0878236509884855 -19.586193841764402 4.937498736913893
8.705953082294721 2.1821797864046086 -6.208394409023885 -20.330314618232688 4.437065638779581
7.730486889127464 2.7899445341326414 -5.331733539552569 -20.402948089751913 3.449942522257413
8.315590698949805 2.327764851373604 -5.963401996875011 -21.24473764870125 2.459745303340789
9.110404382523436 3.2988907386108512 -5.4039496839440435 -22.23984886103981 3.420523275441918
8.896012065004696 3.7291213309241154 -4.694681846521155 -22.239144178703462 4.324297559278287
8.04014831716859 4.635488569768705 -3.9872938046851725 -22.82028461931818 5.084799740745276
8.955977986965452 5.616369820196495 -4.858193521623832 -22.983530036174944 4.115859686945005
8.348865820145607 6.130508050374317 -5.688004210257621 -22.280644784596486 3.260647761371061
7.5215253122258625 6.974096317147688 -5.227669625900328 -21.890605533774504 4.249224390773552
8.291563304721741 7.9574382182499495 -5.280993966569772 -22.75627070412439 3.4373377992448146
7.903421241613486 7.379720500622259 -4.4401800313619635 -22.896582423824594 3.7410104150155563
6.934107998844403 8.37940569200667 -5.318586735660724 -23.29417319431243 3.456538207622182
6.632574782927041 7.403312173696316 -6.318562682771656 -22.313544180977914 4.453897987195445
7.599409527178994 8.17120921376764 -5.995229810457659 -21.3217948921163 3.501504510849127
7.464033783163552 9.170905933529532 -6.850674511734763 -20.95777022747912 3.382292038102857
8.0492523451198 8.235811966290038 -7.337166145667961 -20.124666422359084 3.094422878107172
7.322382711347138 7.397972119029222 -7.77680791857394 -20.459303966185484 2.232382765608267
8.186090172413794 6.403789497327774 -6.9420670835746945 -19.69267862642762 1.4572595424699122
9.18571524551746 7.301665894775101 -7.938237156029748 -19.825244589045784 2.457252895965342
9.627523733259013 7.4866686123443 -8.861267495720375 -20.182200729424114 2.886783624533665
10.618590305616246 6.5584300648649965 -8.23004084152126 -20.93518538046939 2.151127872484878
11.245104201557753 6.675195830486673 -8.99499796597566 -20.339075784657407 3.148158077606248
10.536450461554617 6.859868222130552 -9.411763822800076 -19.348837670611204 3.695221193454098
10.104867158745565 5.917123411508937 -10.327391877945196 -19.720603746085004 4.668939942222208
9.477329585192622 5.396413542013027 -9.604651244531265 -19.68738946867303 5.659726078603734
8.961504905127022 5.305831716367577 -10.50759682931287 -19.952791629010015 6.653014812110031
9.251469140321944 6.031892151695841 -11.445173827840568 -20.442598739986845 5.846303635508524
9.63796545560735 5.170016498215915 -12.126479356738606 -20.45265969426197 5.630960830375678
8.639657988176271 5.796184006077606 -11.933718574856654 -21.451833443440087 6.629247603501624
8.951093906152947 4.813186701319237 -12.248508026953786 -22.451816133356505 7.202839419504773
9.720060341208056 5.536248918855599 -12.793628228358363 -21.69746963558876 6.475413645705487
10.70378172511333 5.155914610688333 -11.887384817842285 -20.99285711090949 6.452392740770363
10.388650479804268 4.156655776702412 -12.351838281751407 -21.87002276784044 5.782330231674427
11.246492821005056 4.2578371454919575 -11.937436389813167 -20.988018432369202 5.891263610465443
10.388750054603701 3.7048771720937537 -11.023188058330188 -21.336854553814458 6.7590609249604
9.730611683889 4.648880743825332 -10.41677271920158 -20.779163737066114 6.051780154436167
8.731419444587138 3.829474454488617 -9.443133271233833 -21.772905894961134 5.763098190092462
8.795103803483265 4.798490946815003 -8.481688253659334 -22.12561999043502 4.793019677748569
9.573824282775346 3.938719704048995 -7.959688811084837 -21.45823387217992 5.108662290851229
8.579125678409802 3.612435328765364 -8.79862012922008 -21.701195941052184 5.860121316635226
8.499881512611188 3.549728402895398 -8.027873510316315 -22.277701939916497 5.089963916781318
7.584704730943399 3.925183525955524 -7.139477400976166 -22.537585723477644 5.7831131549703185
8.534381982220653 3.2018603758393747 -6.4854522313328244 -23.029017260031207 6.465356329897246
7.534774014756336 2.8311956029693355 -5.5334371100393716 -22.469330124488764 6.847953484737042
8.276334951360756 2.1292272861566555 -5.753518579267662 -22.15902494349503 5.8832321117502815
8.860747249134064 1.1305672006787975 -5.684824883993698 -21.321329823324945 4.886210699558155
8.490720025672198 2.0965148923918733 -4.780183058835772 -21.852875954060224 5.858916267575497
9.483920070340142 2.2120496221351083 -5.771668790122444 -22.812300875906633 5.602406264918727
8.484398894285633 1.8915248178683723 -6.606038468884766 -23.251347602737816 6.565316326815318
7.934594452434032 1.0498804640616313 -6.156103255791416 -22.60977051238329 7.350616714310199
8.551147354205186 1.8280223988152775 -7.147238380327147 -23.388328942592384 7.025097699581362
7.651477831821716 1.4631971497887653 -8.100136890252443 -23.95895948142877 8.02120045713286
8.650691591100372 2.037838134651935 -8.396537285295395 -24.930876565373147 8.736589852555584
8.959372500394808 2.661091358444977 -7.543041944854615 -24.262603312763865 9.722768086819647
9.920046180739375 1.8032263245652653 -6.573766015553218 -23.262961471479393 10.292407474681399
10.571416058618475 2.7232408496651153 -6.682875583072913 -24.211646191857493 9.298185801646671
9.64694839179951 1.9946513381866082 -5.699487709072929 -23.375268928638853 10.29285486310803
10.646576216674934 1.5629333268633248 -4.699758903115298 -23.71535315152741 10.127130768409504
9.800921333662245 0.9138273874021491 -3.9692908146565538 -23.70331501783856 9.145189648745445
9.190688571557358 0.11902872689942323 -3.2086883578745047 -23.294679375703783 8.228357510028555
10.007698855463179 0.46807727139977606 -3.062308253297081 -23.53164161017522 8.035826756650929
9.167249619820032 -0.13638931908066865 -2.789159038542068 -22.670903687692977 7.668464638572363
8.310718698163484 -0.8106788530335372 -3.592906793727134 -23.608977807311653 6.71361285930049
8.01636994390237 0.09929109776482992 -3.297689351261926 -22.70575000297646 5.9716688593186955
7.226047630919164 0.43273060674262726 -2.300943378298962 -22.436155504498807 6.950582942358098
6.728803138291446 1.0728716577310315 -1.5752883060456344 -21.467979852236475 6.918926652297576
7.722776618861583 0.9838067031194211 -0.7881290050530945 -20.630873749638365 6.120440532167924
8.325171680373925 1.3416547298478811 -0.33117701262389815 -21.504337116839437 6.978141018841895
8.64972548074128 0.36811934471709085 -1.3205598883385905 -21.325960909309607 7.103656674460846
9.07576517767417 0.9281935723690846 -0.7711310308340276 -21.744526613685814 6.118551679229603
9.251621264520875 1.7373819118311 -1.2568219485085665 -20.9463487830751 6.066350410644465
8.914669234168914 2.7321207124674274 -0.3836905872384937 -21.250784457334248 5.399429202709449
8.071663085156105 2.0944122764495336 0.6162487502511332 -21.205186359282063 6.367622162588741
7.078549573521955 1.3062814669426923 0.8404057130836302 -21.645723965569484 6.3713453126470085
6.313818679321614 0.3670442557091075 1.1704651716267689 -22.626782077505148 7.196683357427218
6.30945351102236 0.6498068540131086 0.6628260650143063 -22.03516529435048 6.728628772900602
6.023906714540207 0.1341776158586191 1.539100055830602 -21.086314043537598 7.63691924431599
5.690150615720582 1.1341172487427926 2.4939288479411457 -20.807043448841927 8.18590932191141
4.6901843232830664 2.067697782179537 2.3651553787274233 -20.722325380079315 7.454560245056208
5.284044632276657 1.215083147996192 3.3063706671400226 -20.474584714127612 6.508831173761768
6.151200802691877 2.074484783662827 2.515927896038498 -20.272980756634375 7.466228246868947
5.218834793496121 1.2110248605092462 3.4464673183217913 -20.10309786282984 8.465901237850671
4.993495350164832 0.29237379200195 3.734207117426574 -20.582923040207056 9.244114529604692
4.947442071251401 1.1911617921804782 3.0760386952525884 -19.60680350220392 10.244095046438552
4.915132285393935 1.8713602026814924 3.3067380794463874 -20.26702107547186 9.735685899792696
4.177115546380053 2.871272846837049 4.012369771370627 -20.243408705148475 10.20377832722961
3.196888175627569 3.1695557213528347 3.963124593979729 -21.168651360123388 9.780261668053889
3.977026719747352 3.274491347856338 4.663302227826354 -21.786820764617016 10.7795839348354
4.450722785018927 3.466078484289692 4.794420290651782 -20.875293358103235 11.717135337691555
4.278732190123279 4.375380221384577 5.720664124123667 -19.88767641561785 11.05872112690123
5.007554580615574 3.4936022134790257 5.4209531009006815 -19.1084045499492 10.18946049444576
6.006536714222449 3.4582130415480803 5.833956334286753 -19.657754120160288 10.348279807553277
5.921652931816176 3.543665230915005 6.815718947205021 -20.264226049010933 9.75678343931999
5.014774524667055 4.536928576270556 7.047363824494846 -20.97039063818697 10.061363646016185
5.714140140119653 3.537304559189284 6.05800038969796 -20.796468699323498 10.608797069919154
6.0415930076689985 2.906144713154644 6.370919927542203 -20.931024729066955 11.607843060510163
7.0017956919636495 3.727128422006362 6.9836984948489595 -21.924608822211912 10.824246115106323
7.972869388683756 2.909219697009966 7.6302966725927766 -22.451845805255694 10.721443758592303
7.553841530975701 1.9336083659021535 8.277054958711805 -23.34888348663498 11.6834713879997
6.560309353104781 2.7653896758763876 8.677113383539659 -22.372551409805872 10.88163297453211
7.32806899503689 2.8844890572425568 9.585089106674216 -23.259283288259134 9.89091533847916
6.965160450790484 3.793208691051547 8.587782060493298 -24.21652415359908 9.247355567712326
7.000397129553699 2.9779157818642945 9.307389134619761 -25.174676135564685 9.189192603850659
7.173824924581639 3.5087106384872797 8.764430081692424 -25.938661225792245 9.440354373969981
6.45443224226563 4.501118518547313 9.724270660718634 -26.90957635541576 10.26164992010163
5.464140193277189 4.740807620998218 10.405914231908898 -27.891857075595333 10.241374481791961
4.655365808153908 3.7415854990385746 11.17868274471496 -26.944062075352413 9.31270841992912
4.481074341264952 3.293075779110701 10.195008769075248 -26.031990621029173 9.816219196646564
3.8222129101631994 2.6575468800582684 9.200526570996722 -25.47696469372192 9.097673908518574
4.801212085995758 2.105725361510475 8.203283143375016 -26.343362765732397 8.32550358205551
5.799964202101269 1.9056282931930384 7.261659576727006 -26.73571374583107 8.518732819423779
5.837088576601052 2.853216531897039 7.979641292649798 -27.6133491026564 9.17684442484027
4.942323431540392 3.7110384871007955 7.291576565026148 -27.9982917155401 8.6974582304731
4.092112973982856 2.925700908697615 7.882534194733155 -28.403906831191723 9.05325751911493
5.023475049708442 3.8460957177871062 7.055684664300667 -29.13342187649389 9.399156301721971
4.117589482332731 4.844441130016811 7.288971575556318 -29.97489182519916 8.45386838463101
3.1791646006604783 5.607789718714982 7.325543994154359 -30.159967716231613 9.24165065624618
2.9991664291863 5.900906577011856 8.116413930822267 -30.76449737037142 10.010729134068862
3.9747663364380554 6.900237586105836 8.22895082643528 -30.690126474440625 10.353308236881839
3.451185929750205 5.900480339447436 7.675203313888076 -31.03418292459802 11.350698465491252
4.391807763608352 6.657813395475026 8.521213998351687 -30.98357106917736 10.566403839702462
5.258651508714744 6.926535904393564 7.626764766548544 -30.046962063024313 11.084057518880597
5.495720799062685 6.7213961754198 8.167852382519547 -29.60959731053312 11.812546218349656
5.540549037534546 6.022160820129434 8.948472403430186 -29.414243945978626 12.021013190424629
5.081281014233494 5.052403234477602 9.942188797463665 -28.417355851293173 12.099675670864697
4.33213122586615 6.0509557584989935 10.917509008166919 -27.428483251724266 12.706980493613065
5.311856928104751 5.177417663243589 10.0019151599876 -26.925358497090233 13.333537253801813
4.314924036199779 4.203841382887518 9.193031292014727 -27.328186538735345 14.312278676062858
3.7260516574000526 3.2085999154033438 8.243983219011264 -26.3281956943028 13.515865036767485
3.6109628430106073 3.1467647998625177 8.747140892092617 -26.831029909053687 13.989072416961733
3.4160179249644664 2.8777315154448155 7.877444058587821 -26.149912109099564 13.88364749047715
2.481637808258954 3.47679921895544 6.959347343293818 -25.369188099936654 13.332200170522526
3.4671370044873444 4.455853586630113 7.934164537459804 -25.589074785193695 13.423276104053587
4.440754317007088 3.458544529489268 8.65364161357795 -26.38749365615204 14.281280021281823
4.435851297641712 2.9365184439672483 7.6819622074131 -25.820051839076413 14.117025852025106
4.427394584133565 3.9203351483360716 7.382513607605764 -26.78213617616261 13.998354076848376
3.4526473199456813 4.588911516737209 6.693628988983524 -27.731394710826343 13.006478374832666
3.870985996547666 4.404791929657426 5.956353261516347 -28.040715813958265 12.403512503077476
3.6950627918117505 4.940712550589176 6.952474445713029 -28.262468336738735 12.009264627609781
2.8751743340573577 4.380578691794618 6.121943950406416 -29.250512189337297 12.919124729555527
2.653123230002848 3.6507570804614975 5.236017530889282 -29.030158131269946 13.832854503782043
2.0892705198985784 2.6509550146663234 6.148884462240402 -28.04488165846696 14.632727188113476
1.8717263670525366 1.8611622291656997 5.244297395010974 -28.549910006227233 13.662882194235948
1.3800694055896785 1.484730797712948 5.324847268528272 -27.923006394458874 12.71619014722494
1.1394205810651576 0.48473101637802807 6.230870250623592 -27.359998191075892 12.320030931275145
0.3425138920092724 1.4730305652092905 5.66833545822308 -27.48274178875442 13.308197151433763
1.3209299890539539 2.0895639696196793 6.42786307846144 -26.978464055331845 13.415776465870916
0.5573321411292441 1.2007026756567762 6.019381233060775 -27.8911867072162 13.020429763415843
-0.43298234033910576 2.107092794607507 7.010590936773588 -27.224008473768823 12.670049854192223
-0.7033087134388798 3.014548339829912 7.7339963412407355 -27.813262420688602 13.629820329915939
-0.7628814159460809 3.275912414605258 8.059752313586724 -27.277656941815295 14.599769451400649
-0.32980811277582245 2.3048070557418283 7.27146447356218 -26.879750959238574 13.603689235960085
-1.1836023017074755 1.4099375381825339 7.015831323461661 -25.90153469940272 13.779370824188845
-0.18489888601614868 2.4011131193868738 7.479682700702838 -26.728747466314385 14.158448835032711
-1.0656643745924783 1.730615538951613 7.780999211576859 -26.009207540603065 13.221902241004337
-0.82577147395905 0.8236066890441875 7.491943519283157 -26.812052263582277 12.240048346776982
-0.9862316471285761 1.7725725845036555 6.942812787937394 -27.444131746770253 11.377871667523294
-1.9760277846632346 0.7725737252052546 6.540237205065783 -28.11992500386715 11.609454102587538
-2.877287014176172 1.1508114591694476 6.489253144456966 -27.809418036418965 12.605584473340922
-3.3271921153332293 0.1575521959894205 5.50810753996127 -27.859027710031903 11.62805450044689
-2.592388679688786 1.1557343338429882 6.50796803598369 -28.41102803538816 11.138828819025203
-3.2176878593820675 0.23511964929474227 6.481097402580785 -28.622725341440944 11.376571036341328
-2.6316995110094576 1.1792870941987244 6.383531511357063 -28.048781657278607 11.468097103596563
-2.288102539011597 2.177900677213204 7.3410346273624345 -28.030950091183264 11.166132960242765
-1.7624058662325575 2.499916227734164 8.309861336100429 -28.973746353939728 11.601873510360093
-2.6589101811753646 3.3251675709178787 8.510285923660165 -28.298994425426116 12.589691404761494
-2.4303827817111814 4.241922248471713 9.369178580297245 -29.121735732613406 11.72759243709167
-1.4441656809604597 5.043726541331578 9.453259435174274 -29.969850296798917 10.765694471235776
-0.7416645959056205 5.4015006756245 9.127609087996056 -29.32200247179581 10.035227111502103
-0.12131255868007951 5.242344056809861 8.762083838304047 -28.399879602464342 10.973862825893638
0.8589879647500994 4.285633009340633 8.015985428791776 -28.124493636128758 10.141050325719444
0.06640288700873231 4.150046235209654 8.331836693888489 -27.124494350011027 9.14269522629126
0.6406364515008106 4.536384848553398 9.11886492890579 -26.146416912135567 8.579694595990311
-0.25225251247491143 3.7145887679352114 8.153775860724693 -25.41203206329026 9.05057016796544
-0.5554612957945806 4.706894778815025 7.280793141764217 -24.85250779520303 9.934825410043631
-0.5076626505719325 4.198918630732952 6.398056308275655 -25.4276333203242 9.62126926336836
-0.15626800380185635 4.177169707936362 7.258800363269359 -24.629503398114664 10.456128120253599
0.4185123735703943 4.32925915952227 6.825642789963439 -23.631543642926488 10.543309617710912
-0.148966389967506 4.941288183983058 6.446944735848227 -22.68080308621464 11.052710265664292
-1.1144766813622273 3.999233623803385 7.43911550294977 -22.106125409257764 11.94848339129945
-1.0585332585251488 3.022495850134108 7.3422331285208715 -23.0994183232691 11.212267382443455
-0.06502721040661408 2.1383161428742765 8.019151778829917 -22.565422857229695 11.936269082516585
0.9345172928639093 3.1035725307639455 8.343226513869753 -23.506603437566657 11.85415992226987
0.817185127805256 3.5679019800505833 8.109408915011644 -23.79725073307302 10.970659143675135
-0.18243936118377402 4.397362468670517 7.320180650887407 -22.86861409825777 10.643953677672574
-1.1710570439701722 5.283399349049482 8.06744866952465 -23.558200684141415 9.66693843992773
-2.0235281208541247 4.7676360831215545 8.699859078702534 -22.622514269530946 8.841278271833582
-3.0102514467761585 5.008053155551136 7.700644168214094 -23.230716171904778 7.885109831324731
-2.1729670037724405 5.7573412051117385 6.915017320403802 -22.273364027445748 7.441978283396022
-2.4911970123600025 6.748891879027177 6.196078965061661 -21.28058296902547 6.507342499676456
-3.399122781411183 7.507847890831976 6.329808254682076 -21.144182051467055 6.457638311221661
-4.245814932578481 6.706501508995802 5.975822245028587 -21.137750016430715 5.484994796965011
-4.576974167594833 5.989415804344433 5.798363900004683 -21.919089215232805 6.0661903945870375
-4.588869925944555 6.735955506010216 6.167243111168563 -22.877083144343118 7.061937413615647
-4.536609763409457 5.771869825411308 5.281334120259856 -23.839499222223814 7.054233477300026
-4.49870844339745 4.8174991190750305 4.3463860075817164 -23.117441283176937 6.211163452167814
-5.409666014820523 5.036509261192928 4.435637817185054 -23.14780478500091 7.072642842433875
-5.682097297286532 4.936935357503144 5.421909968889354 -24.07345522854656 7.96158334169658
-6.357624614231852 5.297733123139895 6.2491327405860435 -24.920584460300095 8.262986398876505
-5.541715897637472 6.295363962842138 7.184438778486575 -25.875713112314067 8.42582107563822
-4.545263005783347 6.078388511765061 7.922847398437588 -26.657705315845543 8.532769748573774
-5.462724575183713 5.9173532203775245 6.922890658936637 -25.669017861417483 9.099782595771126
-4.515837327773875 5.69085325167768 7.66675866374734 -26.447652042736607 10.059692814237623
-3.5238444211197257 4.789829351393216 8.305163977364815 -26.708868261356645 10.655898671865696
-2.5261261150245997 4.8462940795420995 9.207308514698017 -27.663945417214745 11.457957945482095
-2.534412742849609 5.845421912866396 10.196185201892398 -27.956661596136115 11.743349816377433
-1.7153393586437666 5.326464012041439 10.66966749882065 -28.306533819236726 12.278154231921794
-2.572599926997127 5.492574661724681 11.259507075205862 -29.287597457913794 12.01773201807735
-3.103942666588843 5.060593742603624 10.359749824309693 -29.74174119565468 11.017910424149457
-2.496162845204873 5.647278334922718 10.980225401228601 -29.079084598238463 11.345803008783784
-2.4088468094491406 6.391024818644142 11.411476043011822 -29.537805650775788 10.445923079991063
-3.372270070199928 5.8941051778469005 10.65836523958199 -29.048490670980087 10.940276684718711
-4.159250116226776 5.821732012865463 11.65395515082827 -29.19205360780716 10.371841242790362
-5.093391936677643 5.564112220829978 11.816647405487744 -29.88074981764174 9.378641793023615
-5.16831212728337 5.750122587647718 11.378751453298626 -28.88254869428697 9.498294246883894
-4.170403321181969 4.825747394316542 10.523937771629218 -29.10664811911091 10.375158642916482
-3.901556229106543 4.714211702360025 10.406042493189508 -29.836711219805505 11.057817856808867
-4.426346593576016 5.273752935533539 10.080475549280322 -29.49716236359255 11.51413334438651
-5.179179655268344 4.637430361979336 11.055000292941845 -28.57084009253531 11.320080356493492
-4.499660008328305 5.637406840238938 10.48420599949932 -28.571047861462965 12.156438394873032
-5.323798585198194 6.602633506688904 9.53292415202524 -27.906205097395155 12.968893712551328
-4.765506327780298 5.623114346854359 9.892682414537747 -26.941066867098133 13.106356143384042
-3.9421215410436097 4.830466390528032 8.940375485618366 -27.936498503770018 12.48946368363011
-3.037995716331871 5.0657966803860734 9.938713668380093 -26.99074301372042 13.33423289333544
-3.6705996322725403 4.335532752469695 9.061463240069717 -27.64378480818797 13.00875393340409
-4.31621839330389 4.64963903645385 9.739611555385958 -28.634658796855664 12.03059366168766
-4.8245862984182875 4.807994207110717 9.036934319165596 -27.84197054316288 11.611605876022809
-5.564253025107869 5.499101976841328 8.942342124751043 -28.774794520231865 10.733793870679362
-4.789534290174345 6.496229934374592 7.947979694078482 -28.77996944925649 11.152029285193766
-3.796481920321798 5.536477272337903 7.563340510090577 -29.024735722949462 10.912260231996173
-4.784761734197737 6.168171302811023 8.003254913801904 -28.493103631270657 11.504320881208386
-4.967736925566263 6.987190287874992 9.0024974754553 -27.493192115889087 11.323443333381764
-5.076720087882665 7.817868264300213 9.741019464970044 -27.630265304091324 10.453152470370226
-4.079596726673934 8.256229664915098 8.803810043173826 -28.602423047188207 11.452975079859431
-3.6050134841484804 8.651598117161493 8.32142042723419 -27.70730571297995 10.606753227296856
-3.6190715078557854 7.8435897308493745 7.892303640492393 -26.750494898368448 10.440017524600949
-2.7334525281166058 8.41750763523215 6.943812921698023 -27.513418463295626 10.900701924107041
-3.723407597324111 9.339944480988088 7.924681366979784 -26.929132979208372 11.348569804964415
-4.14072287962961 9.218896611407772 7.030503415211968 -27.875535727766543 12.074789662870911
-3.7717956745166883 9.403243346431669 6.740291378559743 -28.048688482778125 11.505092154598575
-4.403952003645808 10.066651340460131 7.258061084762041 -29.000737313008326 12.004616898261084
-3.8855426249914156 10.65438384867364 8.252019726561048 -29.94915691240951 11.341838293732286
-2.8885793920294436 11.644059243336947 8.142420417306901 -29.589126536822526 11.872179587413466
-3.8328067048066696 10.740962730964105 8.711256905446128 -28.627554263579153 12.5715785884946
-3.8931847727889557 11.362290285388326 9.350783317547206 -27.709912213056317 12.181890532846344
-4.833924526263326 11.127349132050764 9.707136624539151 -26.712555272432848 12.880120888501983
-5.569337996801315 10.27704112826827 10.430078102545117 -25.747798455526723 13.156203798703265
-6.0829030614596755 10.572185039905333 10.175868603152898 -26.05402901232855 14.146902826247738
-6.743430737838447 10.971652323522614 9.199694343585378 -25.260989140252413 14.591445884416313
-5.803638143674834 11.799719868945164 9.049557481328035 -24.97507140370195 13.59162476002047
-6.451962744089058 12.273038964806958 9.081721868280686 -25.009957600543625 13.224843518498757
-5.8855433588552435 13.048707884940637 8.362146198163297 -25.796670159336415 12.48816821414756
-5.7154476897599045 13.004447851107761 9.136653624268348 -26.29975223496641 11.505045644216196
-4.721409178644978 12.369208573388637 8.69486227335188 -25.69905945584336 12.049014936092606
-5.510049870116823 12.633386268670806 8.683181778012342 -25.46845487717631 12.610731364887837
-5.814223319073372 11.926882326802522 9.523268559103888 -26.354200189963947 13.316728616476393
-6.489424816726929 12.149126901076091 10.521305349480151 -27.256141188967156 12.95015444918026
-7.375826150986553 11.851929230245409 10.908791463921798 -27.914670155456083 13.90815082783399
-8.095948835269121 12.238534181966124 10.019260054460371 -27.065022586165824 13.174228878629462
-8.930315143642845 12.975763149949564 10.933137189750349 -27.98741532779932 12.859127195468252
-8.585889932408886 13.34652542809684 9.95066568374102 -27.100868760191293 13.055285841772259
-9.569493779854149 12.93857429738217 8.980720688976213 -27.979404929710885 13.718790972846255
-9.652418075620298 13.226527027048942 9.932994387270238 -27.090854774161606 14.657352715688228
-9.098228247334198 13.669194996667217 10.219941022107013 -28.088720944806155 14.079097571323985
-8.101814085437134 12.676127511146543 10.548320611377378 -28.912709027173722 13.093321064528542
-7.751477805538398 12.045859846869527 9.636138772937352 -29.83808422157434 13.861107045789693
-8.740876030145635 12.840321553401896 8.658574556998929 -29.503023906221067 13.475041050573083
-9.72547172519345 12.198781343071287 7.6690025793288905 -29.97963610608536 14.47279095282183
-10.71613644320899 12.250795295670518 8.319188080162249 -30.391644509792773 13.668714419154924
-10.141018090051029 11.25180149159168 7.424378620610685 -31.171356496280197 12.937511953547203
-9.784978860391215 12.152262843505138 6.61472230855376 -31.158537309630496 13.731518939946357
-10.55251374703752 13.106387104842026 5.631404917662176 -31.693742977905966 12.80393776554797
-9.63673095719105 13.638468997250772 4.800564524234867 -31.595713779575274 12.094167455327586
-9.37073832014927 14.060429425472567 5.529659731294531 -32.220530077043215 13.088907364942477
-8.383134864582557 14.165760770564425 6.5296578031338575 -32.13658949614037 13.891447368287976
-8.669071825684389 15.024049116942273 7.331720970270476 -33.048968336792946 13.36387180412277
-9.403186512431338 15.550118872672146 6.946242971807147 -32.27439914582487 14.248127411777489
-8.40850920308941 16.199035912323044 7.309708176143904 -32.04379119310988 14.875473869074105
-9.261468721702151 16.73992345517185 6.333771361820141 -32.62294409381224 15.874640885731045
-9.401230380654214 15.910101174988426 7.218923511241741 -33.30963198894484 15.67163544005813
-9.932748744720788 16.82001021436738 6.494753865875481 -34.21063317812541 16.45386445206442
-9.283789302167381 17.63481214039329 7.493403030956447 -34.60918438258193 15.799429214357188
-10.12943865345969 17.92206994648819 6.545993737390784 -35.38165176961587 14.966614343924626
-10.959977433680155 17.239236989055293 6.045734254479546 -34.779501183857896 15.363469877633387
-11.761485468055273 16.265765425366542 7.033205160070655 -35.75827325212767 14.66442455194561
-11.048172291928461 16.113398359409423 6.091226571351804 -34.921951390742365 14.498484165718583
-11.978047837314945 15.120183743017355 5.3568729851090895 -34.01264357723451 15.475846360285448
-11.357592287884547 14.192908287279208 5.101494488073512 -33.85722085477062 16.43299858508992
-10.46593241209605 13.267443700456333 4.744088012428947 -34.83391658409044 16.6001670349407
-11.45201695367491 13.956629213716049 3.990994344342244 -34.12758784431749 17.144814106956105
-12.34085241955623 14.955105064654534 4.511097155380819 -34.69304809561198 16.478430990817035
-12.950462658745222 15.734493850193624 5.399433479320593 -33.77342519066674 17.458837513618757
-12.851421524678589 14.958439985127184 5.6201250611728035 -33.2399046483397 16.615764442178243
-12.937030543192035 13.966204541978458 4.729042439352649 -32.80840964714315 17.09469926418922
-13.638810103312784 14.600011385256343 5.686987524012224 -33.79349792082458 17.445857515549708
-14.510076448869698 15.3734710155113 5.047302443400871 -34.457647172802794 16.623201084467205
-13.538785192475958 14.884893125044758 5.347998112870982 -33.766250162495076 15.711937775256361
-13.798239298774298 14.036565276701511 4.375343653744207 -32.809151894195956 15.605104415683225
-13.978995621817246 14.739378503863836 4.687837882865313 -32.49112909829972 15.966829893525814
-13.724447088374202 15.716661412408945 3.8892661399423303 -33.435243506019276 15.21263352100462
-12.724727531250721 14.947319701425867 4.829807362382795 -34.181251144395006 15.61134754749515
-13.418049123511299 15.924346662898309 5.747179321903432 -34.30664320928393 16.53978679116662
-13.126152793112094 15.337146784580291 6.66714310894243 -33.40942851883007 17.539165248433715
-13.953589835595645 15.250822759498144 7.666913517969183 -32.64005805501547 17.042161022048127
-14.822893246441916 15.09873067078488 7.57474079217296 -31.984860350399387 17.983274172414937
-14.971990470100568 16.09448795482536 8.546443359614438 -32.702250653986965 18.48596867946412
-15.031690381531693 15.557453184143533 9.138813474684977 -32.07775413901146 17.809690095541114
-14.038048985437616 16.437678073286893 8.682469626786363 -31.74172667264027 17.064939149558313
-15.01405990623123 16.986472299372622 7.682630387242051 -31.316139906618577 17.61595184828707
-14.199831452422183 16.67047136998865 8.615510289126219 -31.3265709661405 16.844456132921945
-14.929209088387873 16.044712985729795 7.833311889007939 -31.040818428827823 16.611733191692277
-15.892585925915137 17.004919457612182 8.829905670837666 -31.637484428833563 17.19459734868687
-16.291126023108518 17.60215948541467 9.159537785293276 -31.792237393020184 16.19461555797152
-17.24823947105767 18.528028255593004 9.778188807843398 -31.42374364536313 15.303902717710773
-16.342808939730666 19.5061040394321 10.630702941034956 -30.469545420750112 16.30199253467812
-15.615975007821238 20.2468317129218 11.520798413492692 -30.955070712496077 17.219366340322296
-14.90502349388829 20.326112903780174 12.461075817851711 -31.92925590352005 16.655139721483156
-15.780529524189795 19.736067144429967 11.88860553055058 -32.92881355340283 15.77219790826555
-14.859298060057457 19.58262965586754 10.893156184170289 -32.32933144557 16.691656370007017
-13.902031540787798 18.751707997850804 10.94430609521465 -32.791626062294625 17.68308809079713
-14.748556324172895 19.530758637554097 11.683211741405419 -33.23827478921271 18.505536789497178
-13.752896812993693 19.58908016190594 10.883678057313968 -33.92498478092681 17.783217181007025
-14.574219714343803 18.712560608286527 11.42085291712299 -33.47763895424344 18.76970458662817
-14.763721662902888 18.597001553855847 10.874974060058396 -32.63009931065088 19.298226971468132
-14.962150489694148 17.66131878901618 11.768742175949097 -33.396060902772525 19.897928540935425
-15.858563454007317 16.963448933608763 11.230922003191111 -32.87867842669755 19.579576424199402
-14.860171882916848 17.097260993783145 11.242630211548185 -32.98637449606859 19.10593018717917
-15.642046701754994 17.270628403797684 11.526730247126252 -33.89907074097451 18.204021234764756
-14.956008176803355 17.859218328230025 12.386295435677912 -33.01612896319712 18.794287324000386
-14.492720916026945 18.68929071262487 11.712023768736861 -32.33163895936947 19.194513978212644
-14.476002367905725 18.742068071686415 12.139658066295036 -33.205774831042774 20.17242352930122
-13.617128091905862 18.758650533778017 11.295502812491085 -34.08587230816363 21.139250194095784
-14.608280955147064 18.485255716339516 10.390069665700189 -34.985616277620025 21.062680420151104
-14.538385195037357 17.849243982065943 11.232890446859377 -35.489300425707654 21.343849289448997
-13.901684627630061 16.96757211043462 11.79507327788767 -35.79934177534839 21.64653222770906
-14.409528696800626 16.061608488422603 11.343247939644236 -35.67790295559963 22.413349811827057
-14.76930156405361 15.540515542904902 10.358505238405325 -34.74391314944209 21.701916661888255
-15.738671716053974 14.540618634079136 11.344207559552977 -35.70774351386897 22.29005932763963
-15.87153029202145 13.547154769824873 10.355040523046872 -35.17125015327124 21.301128548295274
-16.867805642247667 13.368420885753384 11.17518660207112 -36.16936500738179 22.270775564852844
-17.85707874477208 12.396652932361299 11.27489901832246 -36.919538563670066 22.912295468866063
-16.87703767525855 12.348618125558193 11.342883165706391 -35.92051626973469 22.17330550032407
-15.926238980458198 11.514464928858471 11.515757849826626 -35.0648330648663 23.123758128441295
-16.456817980425274 10.51902135656887 10.639181159581941 -35.32572870338871 22.623010842741525
-16.60653440786425 11.4596535619803 9.923876086956206 -34.436314339096015 23.505810354050684
-16.14394710676171 11.985780462644415 10.92107470799957 -33.885540023028604 24.432112586822488
-15.151521447306452 11.56810377629157 11.909729260133018 -33.19482782463126 23.901699854050477
-14.948082537436736 12.402425169660766 12.156649037183477 -32.20767948438968 23.17050196275253
-14.786188047454047 12.90667499091792 12.394816196473787 -32.90253946800052 23.60772915930137
-14.304521235071713 13.901179582434356 13.284802370038573 -32.583232929717234 24.530048109167613
-13.357424711035891 14.556928773908062 14.282548344430799 -32.200462185739546 23.828534282401524
-13.762610321012525 15.39843530976244 15.074612439042692 -31.22995612194775 23.39374672680144
-12.779041881793384 14.743139084741923 15.764746529608676 -30.230503366146287 24.38112835392637
-13.185111025145266 13.957282160377375 14.877267730600666 -29.258166962362644 25.193510244429163
-13.721350774491386 13.823164325682942 15.754299464843998 -30.25793042035228 26.084172872430212
-14.70151789319937 13.665864513470094 14.76752251223153 -29.355417827157446 27.072252120466587
-13.760194847328904 14.65786359304894 15.761011705092558 -28.40542335723918 27.307325373165895
-12.787990350780113 14.238274822982502 14.771923143774496 -28.010233138114867 28.16679864560735
-11.790097158729042 15.232602179294977 13.985554941732111 -27.97464298403356 28.706124331292763
-10.797620608939292 14.261545628713284 13.740037753082387 -28.641045742139934 27.84285973720855
-9.818542691820909 13.697100886418381 14.608794189771535 -27.70592481837181 28.735749428932923
-10.798736079445112 12.716747525244807 14.744192924525546 -28.42900952645823 29.240341957190665
-9.856110465412444 11.977578473877132 14.70285326330725 -29.427355267948528 28.25958221798316
-9.817404305684576 11.49367564379901 13.789061282972188 -28.964407657929044 28.183078752614414
-9.233360748008046 12.45391401993348 14.241355397716845 -28.18772694932874 28.479913222505093
-9.874381787302616 13.335718665045372 13.347113867913597 -27.194696290274646 28.27716553578905
-10.871081266402005 12.762598125086896 13.249979085835713 -27.496056945277054 27.42782560263806
-10.03778481405541 13.307231701295425 13.106387796537266 -27.631808791330492 28.13793697516583
-9.209253236007862 12.94177081395859 12.37406969904594 -26.642539886203192 28.48548717185474
-8.222199916170903 13.941738135892932 13.063937948450056 -27.588196337227963 29.48546114849769
-8.835441903075044 14.705099195725612 13.280275205179382 -26.592564430908816 30.47877874831475
-7.84346741957118 14.758256495953527 12.323172803357247 -25.700257719964732 30.521064805897197
-6.93677074346969 15.266021210439659 12.4439711617885 -26.676570528309945 30.584896114695102
-6.05316105976845 14.47683410469027 12.994291449679258 -27.674641159914685 29.59833214983031
-5.44103734128729 15.476535282590838 12.686940801067678 -26.684346456934158 29.81813506343866
-6.287819604624212 16.475287910456824 11.70503532385548 -25.929386130096184 30.722009557888608
-7.2404756246018795 15.536082562345845 11.903028640035494 -25.043038253370582 29.853353925087912
-6.544266978180327 16.098798385792115 11.085207283506547 -25.723605624073944 30.45862339047428
-5.546309009991241 17.098781005539152 12.029637196720241 -26.72326486977943 30.242626742904314
-6.344208417567729 16.348570807997298 11.134635741003066 -27.411704848058946 29.726295981136815
-7.343920361191142 17.1740080229612 12.076872544579597 -28.41092955734498 28.758346158489775
-6.733924929177476 18.103843698175158 11.198220422554979 -27.481273645950548 27.8755223462158
-6.450644436532192 17.723966087293746 10.208598308208373 -27.79196651564912 28.278065567592762
-7.398673397232013 16.761379717300255 9.211917542267056 -26.988567527012204 28.874505679449577
-6.564922753223865 17.276634169008883 8.456755095282723 -27.236875356036492 27.918409861370222
-7.116739983527083 16.310367390601144 7.932893552907296 -26.50135637855272 28.743479729640857
-7.859528359148202 16.41552507004647 8.57620647089262 -25.760990977784523 27.748495314286767
-7.340231117445918 15.44854788951658 8.434986983055243 -26.352293365201344 27.638950604503094
-7.991937977945074 16.32550165419075 9.109470237117499 -25.443779644494594 26.7403406838546
-7.1173174399627905 15.32992744406018 10.090288420544859 -25.9106032843284 27.729445197885802
-6.118323453640385 14.851532708721892 10.308135277007406 -26.767571275269823 28.338740658017073
-7.097105987671553 15.760270621019401 9.31097017602277 -26.519625509748177 28.909815853177506
-7.724289118964817 14.85469374002342 9.99891157963545 -26.702133124839047 29.908439378085834
-6.747100776835297 15.841602478402626 9.607804859482746 -27.201472620468124 30.702410480178703
-7.696672071389939 15.169988359089604 9.312544130105488 -26.762557408052416 29.743154002822102
-7.694502545452768 14.937479678912224 9.932323806549443 -27.166761450032112 30.434392438803684
-7.55997437778232 14.768356193963966 10.42684169355537 -27.46109403299961 29.623548070192612
-8.374723787638382 15.460223020454803 9.673570918891087 -28.293189536868866 29.948392575560398
-8.174642031212109 15.285117635892043 8.770517063541215 -27.32970508876441 30.178307835067926
-8.288703939878657 14.514755897828199 8.312244953028515 -28.114545087374704 29.178383351390295
-7.770952178713792 15.437330373175326 7.313828813270763 -27.539832352526346 28.785501887919576
-7.019039421789366 14.724327404164347 7.2568667121873744 -26.608496457444158 29.735918948551856
-7.479889831469887 13.932926232933632 7.873459944025215 -27.116213971702543 28.736704671414333
-8.478590724030454 14.921907793056759 6.9136006731399995 -26.304844786999762 27.855929824541967
-7.570988177976352 14.4539752284355 7.155945966072657 -26.39780513994126 28.74959811360091
-6.637792027371103 13.48779855623875 7.925650226380724 -27.005463831742187 28.519634859343242
-7.580287257082946 13.612503730911031 8.240718641645318 -27.79148594026906 29.49838860967915
-6.6641394134248415 12.66742119884026 9.236915383630564 -27.882253729970586 28.63898503282717
-7.09282852212862 12.832157460490288 8.248226762704125 -28.149658862474745 27.72107000824245
-6.094095189077351 13.069965851034112 9.207274753209303 -28.745825606599055 27.118620428872983
-7.083878626616654 14.00693268446732 8.476234067999242 -28.501630562521285 28.117481620493017
-7.18193732521048 13.125731921017401 7.525728261197724 -28.831171086677916 27.873653448610767
-6.556136896299234 12.15509526921323 6.681738520552271 -29.599239904275667 27.943881860905513
-5.868934930799289 13.137938214629614 5.766114484359428 -30.515266160079175 27.052007821508454
-5.56676629532769 12.237742150788668 5.254590969913996 -29.571067204944107 27.985594319359603
-5.9362878476007905 11.922680599726535 4.440047360281254 -29.912211591372465 27.009690281259726
-5.033104690863226 12.902315965134306 3.4555750046048104 -30.83742267496197 26.143502344304125
-5.96381921465769 13.014800361677143 3.771022115589799 -30.670164488119944 25.149132418818503
-5.454469654062305 14.010303135258248 4.502503275147617 -29.703584508812895 26.110558330519062
-5.446923063937311 13.105009862634754 3.5064328022851567 -29.956170974765325 25.69644815254499
-4.5246047755951455 14.026311461330774 2.740522743770191 -30.57969433238135 26.689256418789082
-4.167228610076091 14.087670647935191 3.407294895072686 -31.50683700136377 27.26852314003231
-4.07039972002832 14.609530329123196 4.362548668220388 -30.658772807025205 28.179464135183125
-3.56750519965411 15.59376607518854 4.194752384333133 -31.155158573823087 28.240071102289775
-4.360827329309689 15.88577569294578 3.3135720766590584 -30.33488924949115 28.785327624448907
-4.215142280308384 16.791301068251524 2.7197213352582454 -31.140301390209142 27.793314666586085
-3.4327038353554133 16.240434756731208 3.3493870800196888 -30.601780233177866 28.089886658522754
-3.601841269280527 16.815447591871614 4.341328320333888 -31.4088618738215 27.25964503905106
-2.613624103861052 16.8294980941168 3.4838054914727326 -31.343798196707866 27.591789251359835
-1.8428655878696925 17.351112470539476 2.4842322606560305 -32.245177398239484 26.591796721976237
-2.560417323912174 16.41335423216355 1.5269551510005601 -31.27917544101957 26.863076807791753
-3.362732006966577 15.920900263061176 0.7296327448596093 -32.27668651636312 26.497691867987722
-4.289486709673962 16.30017877595521 0.1715399368545888 -31.389255828880824 27.201544329653515
-4.747759484309275 17.295583111838774 0.7235034974549494 -32.38189959093683 26.46895380672793
-4.787742981729709 17.895509514955624 -0.02723851541716249 -33.36479660728501 26.97820904754921
-3.83603767866966 17.10892180099051 0.522635367254106 -32.89464641761249 27.91814728902379
-2.839527078686222 16.250295381314675 0.44182534575176025 -32.05720005835085 27.032486550250947
-3.4122779664979133 16.395534431062643 -0.4214591796637466 -31.136235553517515 27.284107582845206
-2.7535192862256266 15.873026070251862 -0.5541526115422215 -32.06434008836864 28.268577936689677
-3.681913653734756 16.435925191273878 0.42991030999769153 -32.498702436753334 27.34904173382054
-4.629757609210666 17.36607409972458 -0.20463631428435547 -31.58922317219585 26.74133655054988
-3.8595519854471005 16.37277420821837 0.7366424732882648 -31.291546468404338 26.613223028787637
-3.00588518208428 16.41314399572072 1.3597625085370435 -32.29016114912652 27.60725860822309
-2.1324149111351653 16.66049001381791 1.1276790285084968 -31.87809578539422 28.150069484269263
-2.1995398279528056 15.813013346864707 1.9174880725595385 -32.872509578259795 27.489587234825876
-2.917042946727245 14.9498386030382 1.966888609242304 -33.205442543521094 26.725454087714333
-2.0457164302530453 14.157387049861743 1.1001341576127488 -32.258776013044155 26.169391596122654
-2.4727348091576684 13.804097276344171 0.33043750079052026 -31.765760741492446 25.695730771207877
-3.1822924012547147 14.359841265022231 0.4880374138974497 -31.86431194927914 25.673588548216433
-4.143357466234415 13.848604286971732 0.9026147117681761 -30.94521534010298 24.690585230655866
-4.983992349913065 14.461120041457283 1.0005347507578068 -31.59370340205227 25.588267445110308
-4.037607496054071 15.417756131888778 0.3506192118009456 -32.26793773816916 24.661975724307208
-4.223247596016476 14.953267248244684 0.32060505609679724 -33.07828686685206 23.9034830331947
-4.444191915514437 15.201045272733067 1.1889818998607191 -33.67944396922032 24.66986638983511
-5.186203080804115 14.452287784746341 0.2766328607927977 -33.01557376900009 24.94631786771742
-4.192209627920217 14.59919639748372 -0.6176351729488332 -32.8201615522175 25.92290503625525
-4.415568215008534 14.461308275827056 0.3372952627115967 -33.81173570676687 26.541926898570132
-5.415554477337304 13.598544111144339 0.5744192902222882 -34.80127633059215 27.433635891776554
-5.224786092763347 13.338045349997634 -0.31842654675226834 -35.29985867962218 26.43389309425893
-6.127555468241387 14.00223155749283 0.13763963885593877 -35.2612558733736 26.923372795491275
-6.87579410169619 14.648846811022725 0.9508220927469557 -35.99177081675966 25.924721476453595
-6.145611047416373 13.718732408165488 -0.010306289109153433 -36.87382588134934 26.74858483588968
-5.73419542299192 13.189787888460126 -0.16694185450669 -36.8116070906667 26.507577759535632
-6.371392156904258 13.206838257073848 -1.164886109075527 -35.85813051107228 25.669375426163832
-7.350003093492749 14.203233624893324 -1.2800948827180028 -36.83653461089682 24.669909416788784
-7.955579074424152 14.869994228019895 -2.196647896046674 -37.83603217523352 23.742350779241605
-7.722043963120434 15.29410341944195 -1.555957023450488 -37.563470690188744 22.842115024779226
-8.555097676863213 14.930919995876545 -0.557685579200243 -37.95364302266848 22.923431010463343
-7.760285432802616 15.293130479655007 -1.4446452630451736 -37.47341133397056 23.443500094094173
-8.301309864744294 16.27040654075456 -2.116998126010351 -37.82659808728477 22.660470170936833
-8.392696248303288 15.576817449693817 -3.1120814959960663 -38.707653057093744 21.674425061773462
-9.07090377222822 16.050509589027556 -3.9005007465201578 -38.638121286161834 22.570095116611693
-8.286518214902797 16.48210898822457 -4.7831141986489225 -38.86889935411263 22.49100225113848
-8.363061430494232 15.492075491936351 -3.8851258896781835 -39.3242618639266 22.6705940602849
-7.60688672491546 14.599047736782008 -3.443072407891854 -38.33683654624595 21.988598887404223
-8.502969080587668 14.216218199409722 -2.7469701474427364 -39.32150670298466 21.294893044115828
-8.169780930804137 14.47369339984174 -3.5539193952455688 -40.31370076576954 21.45026146306647
-9.120612639175683 15.424107563817254 -3.725007242938176 -41.168254123973405 21.5976075556777
-8.138975711088172 16.378142063792517 -3.5517020835631 -41.385413327707525 21.34544758009424
-9.09182023853419 16.09410855358023 -2.6443278590723276 -41.46531062891525 21.014787240780514
-8.37012943776751 15.283234813839465 -3.0475750404601274 -42.02379739238243 21.27329333132634
-8.037334541632857 14.848711530333375 -2.2997346638225036 -41.08510728861672 20.74126077082341
-8.387687617159829 14.64038880655866 -1.5690731126092476 -41.60345583815348 21.142167538373695
-9.35899856112699 13.646329981093947 -1.2950111438945424 -40.60376567169539 20.405716388175858
-9.034860812582759 12.684491654641183 -2.0445791210681126 -41.544967926473284 19.70432749569585
-8.688989512374738 13.325089202899346 -3.042356012684345 -41.94250570930938 20.702578514338285
-9.641652025705657 13.086443617581017 -3.4430698024082393 -42.74256631777091 19.76331686542201
-10.049795913200866 13.725003706482958 -2.485464976576613 -42.53671494721457 19.170716817235313
-10.647201440987068 14.530343414618997 -2.0559314371627972 -43.390630640456024 19.25204555055527
-9.653966362380672 13.967769439563643 -1.3968727186009073 -42.450647333505266 20.09353481710447
-10.25819347317575 13.494590258101987 -2.208768941278813 -42.70066091545071 20.823012304374785
-9.346990330595538 13.032609368518202 -3.202866954677147 -41.88777962106179 21.27924286714665
-10.271938427484509 14.009379002495205 -2.755394204843785 -42.65557641181629 20.391047723209205
-9.432438197422089 13.956397319908913 -2.6988899371702235 -41.96127670905418 21.031797057619517
-10.218118670839383 13.088258689000428 -2.6339163565885557 -42.41518921722549 21.611783667954672
-10.921125299556186 13.905773082423616 -2.9396080689914017 -42.08625209097037 20.856144455112386
-9.959353922510354 13.901769477985207 -3.7691603650710537 -42.47953946082448 21.690834992239918
-10.180532093219806 14.882532376089594 -4.71337940969282 -42.71246722080947 22.655174354699483
-9.637297037836074 14.826449674502653 -5.704485470321686 -42.07533412465759 21.868187602982726
-8.647609179226402 15.79155073052935 -5.2909800607680495 -42.9727079325229 21.285744208737793
-9.645733454396009 15.975648988806723 -5.682160694589536 -42.891203620014615 22.15009772993247
-8.646241657054569 15.61222066276895 -5.807387453356338 -42.34862447805783 23.141968955453407
-9.436715078044072 14.629532541765622 -5.012973887214825 -41.454848562005736 22.17754808772193
-8.615056389303485 13.781511354551522 -5.7830423796330175 -42.45439945534662 21.18280735945425
-8.25164735209746 13.739006280020726 -6.449059290965211 -42.086084963445295 22.18253813186951
-8.95100354778283 13.449995609969433 -7.406536549941185 -41.84278509206768 23.09073867340313
-7.967160307030323 13.87231324924733 -7.347846493374362 -41.39501235034062 22.452323574744614
-6.990744323111924 12.881606096393455 -8.347550415869001 -42.26774825840894 22.395830869143634
-7.802025197792156 12.301833649433718 -7.428690653704933 -42.54124540256993 23.291277445691478
-8.577941004475942 12.613229425698583 -6.808977673822497 -42.38728911631288 24.291135935766228
-8.94500167026654 11.634290964472811 -6.077448634531501 -42.88858002194843 24.12448300030646
-9.403406244690563 11.707453941428072 -6.16966943238931 -42.7405549516277 23.270595278059655
-10.372246757765666 10.70745870581109 -6.690840030632058 -43.3603353708235 24.038983824275228
-11.155425959233973 9.735323661414725 -5.804827259005754 -42.37392928272302 24.2624989089358
-11.1656204016154 9.521366859863363 -6.566564886333581 -41.90336728099091 24.5970688940974
-10.271188652103953 10.134517315861912 -7.4397704760261485 -41.52454624127736 24.743685576195496
-10.424094177042928 10.434963838516968 -7.2985596478356305 -42.44176509223901 24.329719463031477
-11.388393918760638 10.370163287928259 -8.245199860440785 -41.44571944968699 24.192012934267332
-11.434850379068369 10.334395058253536 -7.275222348597228 -41.51314884515884 23.515114914055502
-12.112392518560892 9.983975377763969 -6.841187189764701 -42.381332662755845 23.331892444839124
-11.352500777206437 9.011080896621461 -7.31642956954829 -42.02463523513869 24.13980154426772
-11.331354042995292 9.616816050747524 -7.6525297865525195 -41.424377160603235 23.435184488809984
-10.355929395186767 10.285631337327935 -8.450396555267352 -42.34062991121951 22.471331533509325
-9.541337061591626 10.7021514393228 -8.601343722963719 -41.38921297614219 23.180283077757686
-10.289818330347398 11.04500293949955 -8.2879068832646 -40.720462709919275 22.18652724059946
-10.795187360425196 11.751153764514418 -7.7746782504473595 -39.72802174902927 21.21102156062052
-10.600525340870693 11.395205016193133 -8.193452392660637 -38.96081130823708 20.54909786807957
-11.599832634675865 11.75170808443532 -7.286708902967996 -39.43343773860903 20.602617817648472
-11.350802375107744 12.65896733293189 -8.035866085164669 -40.27136105058323 20.603964184828364
-12.216106056862737 12.446659655569842 -8.987747230091 -39.37207593887616 21.60005752072347
-12.966328912654635 12.490189086169925 -8.22333468763213 -38.37491208615806 21.573238627132483
-12.115510131560988 12.198294515898313 -7.227144753630097 -39.15321631459224 20.713205623716977
-13.077583026360125 11.63245407380444 -8.220336378069673 -38.174397267154326 21.518404664066196
-12.188172850237994 11.707056789432032 -7.299682486883329 -39.11822686563365 20.5441496275707
-12.317254390789936 12.287870449200483 -6.338318476714777 -39.51419490783044 21.53766584107774
-13.091875221981578 11.506719674306714 -5.5627753309216 -38.59626397675509 21.197252870421135
-12.103194165881447 11.060340471478934 -4.95920941859404 -38.792492176802384 20.254261708960986
-12.459596059592013 10.72905080120567 -4.906911019147923 -38.03726501676801 19.282754260587943
-12.598870449805624 9.7292797035246 -4.418210781055693 -37.03894830458592 20.257851405646694
-12.834320429980062 10.518241598056656 -5.396630633154252 -37.93814944820609 21.173626417294358
-13.395576716677708 11.39605479123813 -6.045190562820088 -37.48428472968241 21.85721740804676
-12.590524917942568 12.25267543102968 -5.56263315716893 -36.657084178339375 21.849159561548753
-13.519018079125296 12.05406606001127 -5.902123714528935 -37.58500413520079 20.90833330968201
-13.934977251251993 11.69280393075926 -5.1224355705314375 -37.294131500185046 21.36110663387688
-14.67237896534808 12.607016519346304 -5.959944967022475 -36.60762351517105 21.1612683165738
-13.823391361866005 13.514836310442986 -5.201026845888289 -36.96297935981497 22.10215828644146
-13.121794482057087 13.797226290950844 -6.088947520439499 -37.92981715562502 21.5161250221655
-14.112945472713148 14.432257181985625 -5.710679184809546 -37.29405661905329 22.125545433813805
-14.268021056670024 15.087521196147938 -6.421818940772747 -37.505487378007025 22.577329048085783
-13.544510972339962 15.30391757089439 -7.266722419981057 -38.50357486104302 23.014566995744342
-14.47170558300617 14.855303031325706 -8.146211206345125 -38.103879434973834 23.8110689610003
-13.704176519522804 13.958991292719835 -9.119964873553588 -37.54516731282232 22.885213252043602
-13.324335400777647 14.237184588774248 -8.705520603738597 -36.591598528921075 22.990985111149218
-13.009533957587367 15.00640928389065 -9.702439813565732 -36.38430493926539 22.595072893172272
-12.167716909407956 15.605075021250887 -10.458778814721319 -36.116860663835425 23.148887007077583
-13.110846080953662 14.944326228608158 -9.768472886481534 -35.75496770303316 22.654434684937833
-14.046691653859089 15.849186705147433 -10.339625381838783 -35.09893111763869 22.19212358337653
-15.021639370604488 16.131217125715477 -9.863472512188578 -35.88875544290746 21.849714207633042
-14.519955017870762 15.406707187065807 -9.057715441510865 -36.68652490322959 20.978346372653018
-15.226864209224042 15.866017610028079 -8.343220206560702 -37.67330856799958 21.97730050436126
-15.953784982434717 15.57752463268992 -9.197743653448764 -38.39983873149831 21.90286842929295
-15.243336451677857 16.235350617116705 -10.166492337905497 -39.39682495123972 21.30521480165587
-14.754911292149933 15.404138572722633 -11.145060385882523 -38.41406782314224 21.459020794709463
-14.30245089872613 15.360213888217915 -12.00329960443419 -37.64821252876302 22.390895462982435
-13.644382220430021 16.18154491946506 -12.901999217039869 -36.66858305560273 22.849793566501663
-14.104113578946617 16.433992010178873 -12.49541783640479 -35.84618865238014 21.929590198008356
-15.096462829648333 17.215737767849795 -13.366385591977478 -36.332309626589726 22.430946870454136
-14.166947033424647 16.342843512162563 -13.272959917189606 -35.528591498821584 23.156252835504716
-13.424021570035904 15.954898603644208 -12.419692024284773 -34.84621020037139 23.717831464211628
-13.212811320399917 16.088247431938164 -13.340950918456691 -34.418884253614934 23.68434532616919
-12.90901571432134 17.088139904766532 -13.985709056191322 -33.66535640492357 22.80183539826975
-12.68037183312972 17.9438390487107 -14.723905299498208 -32.86643181273183 23.70718747370134
-13.617969683234918 18.379383883228428 -13.77580995505851 -32.026658165044495 22.975121945436886
-13.471003374908197 18.918915030264188 -12.949919703330314 -32.9092515747847 22.604044427337804
-13.213385075592301 18.903017386003675 -13.160532674467676 -32.43056305513625 23.532335480015412
-13.881506067514081 18.979896495081437 -12.694613353535598 -33.06201877094342 24.28726434854505
-12.88673841702317 17.982197786807546 -13.28064204997287 -33.47145309053736 24.091056567001722
-12.385197699819278 18.453629336181717 -13.07447520221735 -32.59445697870506 24.521768096035863
-12.368236460735982 19.171458802282842 -13.79561349382836 -33.58448249135993 23.55573019396184
-11.524285678066885 19.64824753369072 -14.631693563312556 -33.49944216510749 23.563963917391685
-11.884034518468063 18.97985763625996 -13.864702257697731 -34.00032466464789 23.420664274703288
-11.077333515021301 18.02299186320814 -12.89721812739873 -33.10878877505004 22.49689882564241
-11.910795729698815 18.52795737877593 -13.516849618990703 -32.49914155831878 22.27952533982839
-12.559538682267751 18.593442683931304 -12.60207518278443 -31.50133391096332 22.941133510277048
-13.472293419645641 19.552820892963933 -13.407958597626424 -31.945745945661226 21.941180778046416
-13.365464685356065 20.420497897403312 -14.11706821032473 -32.73980210540317 22.70355108156126
-12.37518721477119 21.20343735737339 -13.906057105324718 -32.96853914918132 23.650654624332123
-12.167412738944217 20.383333441906675 -14.897279782156255 -32.600400393808 24.291667374500754
-11.57949902998686 20.230393456902842 -13.970843465128029 -33.59825973699736 25.199505104283144
-10.593915604354807 20.854030210310995 -14.757791091282469 -34.591581697117526 24.279918858686784
-10.37695864453826 21.11301339497356 -15.190948511309392 -35.09138357965774 23.60354502493918
-9.63281729984436 20.15322567054721 -14.512859812753206 -35.22732860609116 22.858128157087116
-10.136401888756216 19.325282426362133 -15.312033139976885 -34.51321606970682 23.131031270555024
-10.687216669791505 20.306945273031957 -14.492335598771229 -34.070915041310535 24.07002550695716
-10.853937177202619 19.535660435246715 -13.825094071110568 -34.90504395566602 25.02224201628118
-11.191007573303619 18.68687706463476 -14.796121051248756 -35.80425925168406 25.94709439348497
-11.766444091272998 18.348934680747668 -13.798882716562243 -34.85483465483004 26.425991653344486
-10.79211144756611 17.813094286047964 -14.45557242869859 -35.84924858332939 25.773984359470347
-10.268672295617971 16.819683315229476 -13.45853832006384 -35.186027526217174 26.769594960401907
-11.19256421218767 15.821579477324352 -12.63138746830395 -36.181010794416466 26.653697243512376
-10.40739248789633 16.566845581973777 -11.920903138017215 -35.93724127039251 26.7624187565636
-10.144840029748009 16.75828520369012 -11.109255346311805 -36.29751744344042 26.975453202409167
-9.226424442563799 17.133434384395265 -12.094930736727719 -37.277959679866235 27.032541819770962
-10.167501615990693 16.31621750521468 -11.884595274461107 -37.13722087098861 27.917516833226692
-9.167548725661373 16.96210245407286 -11.688997208298511 -36.17463605939194 28.771690150920136
-9.909350512593864 17.63510693235005 -11.276325892357296 -35.62506615715767 28.1681614739627
-9.064093128946046 16.637585808924026 -11.11034320490311 -34.633336930618086 27.510324640551193
-9.944784007936432 16.597688410576183 -11.287213244123452 -33.6379028074744 27.370498873537638
-10.679538292208756 15.91886496020795 -12.053506480574528 -34.048711336229395 27.442103314682996
-10.265706871998454 14.987967801262789 -11.154554334822597 -33.309243139578484 28.085387307059605
-11.171952387745561 14.000385117599148 -10.264287043486673 -33.127307239791996 27.93761049785419
-10.332879504008766 13.004225025306079 -10.242268915919333 -33.73670080217925 28.931542379546
-9.488082625146202 12.280345526423948 -9.283446369402828 -34.69994748809226 29.237133424608178
-8.502673314255489 11.610668610371814 -9.085302258994195 -33.99478486512697 30.137932896297855
-7.730719658153579 12.308343157435221 -9.535075825039838 -33.01370652444963 30.82160927914235
-8.718173237025896 11.466094353804024 -10.385126515163043 -33.85969095944108 30.041678307714605
-8.383548465928067 12.185956533001645 -11.25256645871932 -34.55547468095928 29.965185004532792
-9.36549504658751 13.152448714531173 -10.25523462484352 -35.489152602805376 30.21828422312871
-8.39114781390471 13.825268184082503 -10.597576327940804 -34.83853758500149 30.521712224128397
-9.154311317590615 13.785803243554126 -9.968818818559713 -33.847946734911645 29.533579056629545
-9.80809558146768 14.534707719373666 -9.047380196579129 -34.3152624632654 30.119148586471322
-10.792982590585087 15.229076150466355 -9.89577512058886 -33.3546325819634 30.254663378106354
-10.45853110213417 14.913780102827118 -10.270626033229918 -34.29103479463131 30.647394847861296
-10.3939468234628 15.015103041200192 -9.270741380106852 -35.04262393444901 29.847990726611094
-10.740564156776836 16.015007381844086 -8.885015092123487 -35.155564319750255 29.27239440898898
-11.017677339256688 15.882020352682332 -9.881848148684599 -36.11989229425143 29.56965599242625
-10.694781854291287 16.868850565491513 -8.98922136749807 -36.38627143463058 29.133027052640095
-10.238885145648092 17.664695766898657 -8.771136592908213 -36.26529648442672 30.10544818167186
-11.187232920516433 18.018670764457983 -8.63607930032559 -36.513441119359314 29.120389056327433
-12.17652602231264 18.402688580138975 -9.577002705723668 -37.44930599924734 28.80348160157334
-13.112626390887147 18.133819470648216 -10.174848215299543 -36.90377105985905 29.762452777954703
-12.478851647816455 17.27877760423801 -11.1187424196951 -36.596975192299375 29.16447714104699
-12.654920055658389 17.340740382372225 -10.303640857294354 -36.04833967644385 28.763538519227094
-13.488455886649447 18.14760025785323 -9.553533303945636 -35.73859985346258 29.487191514168934
-14.25467177146339 17.85058002415758 -8.691166625183328 -36.73775252052717 30.135730801223563
-15.203611235062198 17.184546161512984 -9.525192461153951 -37.730715982039364 31.07669249220763
-15.50886885800113 16.481298370833194 -10.383162939858286 -37.42854764763333 32.07655889637288
-16.184018632351865 16.697180392072525 -11.303249747654974 -36.86052917746614 31.081733981446025
-16.90312125634344 15.984209476006841 -12.14020757267469 -36.01493134174852 31.284357636992723
-16.217685718110005 16.593833245591124 -11.837952082204263 -36.606117473834665 30.284412553184563
-17.21636563718482 16.93661757175934 -10.841200816364667 -37.18801638204366 30.097394575978065
-16.580559451597676 17.881999636398383 -11.255514833605996 -37.27779455490772 29.997013448776915
-16.782582026919126 18.863002236852626 -10.332049150433605 -37.62244344065885 30.265843512108358
-16.746659994287377 19.839539297083693 -11.116446936706577 -36.92994871532204 29.526061812335758
-15.994639380126635 20.035129275291272 -11.89766421623597 -37.16293000321147 29.45488110484325
-16.986070194825842 19.04096164898048 -11.082178894747202 -36.16454138011517 30.203400814054458
-17.83970751138659 18.87843167678662 -11.301842798165831 -36.846067678095956 31.15162959103128
-18.40346268874518 18.42681927708849 -10.744273630695991 -36.04435687494824 31.5096801169084
-19.294165061584458 18.510101189855096 -10.453767560228753 -35.85604900790718 31.788161195784095
-19.77570635905634 17.817953942222836 -9.70699148429591 -36.74766914897357 31.27708893693601
-19.044733929360785 18.431696902142633 -10.697700125740727 -35.78712864722484 31.187648485880203
-19.482348904538252 18.72713948874013 -9.987353610462693 -36.74777260369351 30.941825227798677
-19.033273102062086 19.23983719509833 -10.81529120948573 -36.74487906228978 30.00261881676708
-19.980955525104456 18.541583520714834 -10.19992483950658 -35.79438892700697 29.06019495993847
-19.036865334144803 18.814142777441912 -9.22376306533102 -36.471456303331905 28.07948260735059
-18.03705224429062 18.594405589898372 -8.24379968683407 -37.4689735105606 28.003916479074952
-18.6805274574334 19.572091413737304 -9.243771993184943 -38.40078390936698 27.03288632579489
-19.414229560729652 20.526886495787963 -8.266506489798335 -37.40922629054447 27.85678542059055
-19.834181935724125 21.497956523954446 -7.4054379994372015 -37.68787526592903 27.199960445570156
-20.190183641066948 21.557257397021015 -7.169575468356365 -38.630879325153366 26.361138549035527
-19.199266663693706 22.503353387526413 -6.266016152152131 -38.85865117244177 25.37355511730889
-18.61134060641521 21.591249754413234 -7.05591341335764 -38.923406465768224 26.30180807853857
-19.412209245968185 22.25480059192794 -6.057190481904867 -39.66288734952191 25.302617892750334
-19.860868122352965 22.537990811012047 -6.590393257715943 -38.714924734932765 24.648411124677605
-19.399649501658924 22.417585291129377 -5.707508583337401 -38.5670996232772 23.984028889099083
-18.39991414261055 23.31287079806738 -6.001089820348271 -39.10552174846215 24.848454276172685
-19.394989858768408 23.491424683846063 -6.815567882535724 -39.79426721128047 25.519567716456276
-18.43282507527831 23.350815807512067 -7.81215534638126 -40.24693233307309 24.615900296504723
-18.061917905724542 23.4412696970116 -8.799657375227962 -39.24807042284452 25.573184562329097
-17.238267642586692 22.449297250265953 -9.15835464043883 -40.00055494086234 24.65527874559799
-17.810722039247683 21.84579628392521 -8.85860940830944 -39.750507879688726 24.99158787791478
-16.94855912806129 20.854372528114613 -8.016634414599643 -40.503155215195406 23.99174364329008
-16.843136798212743 21.10347002347238 -8.52894614013902 -39.522371470151505 24.830613927982128
-16.001630910770185 20.129230823160217 -7.8143730318086755 -38.55085911979362 25.791919781094023
-17.001436308367705 19.231623552604244 -7.517079838337233 -39.546646215514365 26.36123393975253
-17.145947369977847 19.159740358529188 -8.293814872654627 -38.65448125061071 25.970921473404374
-17.935916643106406 19.951664066170807 -9.18011952439819 -38.3706086692083 26.604278974668294
-17.636558863665215 19.073623900641252 -8.395188628798875 -38.74178122079203 26.081479810705936
-18.545208433385245 19.977250981209885 -7.870768216372391 -37.840052183469986 26.88957971185472
-18.869441729901492 20.835223620146706 -8.014490606143722 -37.90068449865226 26.17706981595903
-19.83133114816772 20.637483324272416 -8.987797596903027 -38.87455598464612 27.091977065646244
-20.2592614374715 19.766079401682717 -7.9935835573843566 -39.66154862435044 26.40815414435647
-19.924819557668975 18.767184203787206 -7.744267439147876 -40.305109783334466 26.706667838078626
-18.96551844658168 19.353825927566582 -7.511869856933018 -39.336435356434365 26.30642899118618
-18.526744380596185 18.64018177937219 -8.223138655682227 -39.961427825581985 26.9842926721309
-18.9261884143383 19.08141533450981 -9.22259229971287 -39.017436090678 27.86553615236329
-19.796144006975446 18.262601800610113 -8.825193770296972 -38.01916419019083 28.836453523854722
-20.14682916554393 17.658863746396367 -9.487401140015924 -38.91130220635654 29.836384764710704
-19.926335954279136 16.799133793317715 -9.627375662727426 -39.82071553026525 30.80581407938228
-20.622289698967847 17.010052581542993 -8.962229120862439 -39.47757796117105 30.205565065496735
-19.936955849220666 16.054949423348454 -9.788047413496438 -38.555531796684924 30.233199094572402
-20.33788702696703 16.875165246773445 -9.022929909606203 -37.64915495168688 29.494732200458724
-20.295396905735394 17.040767781002934 -9.599783871562096 -38.30672441360047 28.560544717685485
-20.073275429562802 17.00514913051537 -8.946463657629893 -37.35905646584956 27.95635183087773
-20.395359158237266 16.93781787561661 -9.897158448484454 -37.39683775928748 27.02645751603257
-20.685871463281998 16.434477004467496 -10.7560141444032 -38.119568706904836 27.736870498691957
-19.851253428026556 16.92042261616451 -10.515119577571522 -37.22612834557743 26.737421193724867
-19.820382103446185 16.11097481135003 -10.50083403536954 -37.60798959374702 27.720548695847615
-19.742382942260544 16.417715525549582 -10.970732874510203 -37.94566840838704 28.688579294832593
-19.73636033653823 15.703651952745565 -10.401482828658741 -38.93507816516557 27.855880844435987
-19.468009582362953 16.449073626919112 -9.408993241574613 -38.157424403010126 28.405346374460613
-19.29084548404802 15.457459503484158 -8.99271780188099 -37.70166629263136 28.092791188285545
-18.606930347146555 15.753618075861638 -8.063526291568126 -38.328303443655614 28.392853302382914
-17.938167600027786 14.998171068418433 -8.442496388179746 -37.33841833736835 28.688176437800085
-17.364373747482816 14.02885565405171 -8.19496695126735 -38.13597904467079 27.74532425265384
-18.34791074024771 13.048062951983036 -9.183773085612039 -37.23599371998385 27.006376036812462
-18.915166945568483 13.92141253369244 -10.156922848028318 -37.175593602061475 26.61631911891863
-18.01666844363959 14.868276639766894 -9.416451484229212 -38.16787178978997 27.06470068352984
-18.7581191983685 15.019553255852703 -9.956862671363107 -38.45745456244474 27.158985545063693
-19.756386788566157 15.87998986596938 -9.016869720600024 -37.45748941381323 26.31210983065204
-19.785482900538067 15.210762493009351 -8.057801414910099 -36.45758385220092 25.314317194783484
-20.114107724646004 14.299025800312176 -7.42278446944467 -36.77838755593298 25.127609071667848
-19.893882932353858 14.109393142134397 -6.683296354806959 -37.25251638982415 26.03346029240902
-19.174531488554756 13.20827591226699 -7.562209459149184 -37.27256988301884 25.47971927011673
-18.483159839794453 13.360731137087525 -6.663683300143136 -37.90950322937368 25.01964779249162
-18.60526421497982 12.481595920683086 -6.34946917579323 -37.097120234906996 25.93430399086279
-18.968393300532753 13.323643636294861 -5.350154571668393 -37.959563548314236 26.89283994926428
-18.750091579149288 13.33930172731778 -6.2243911641616485 -38.68766365403287 27.84310603473906
-17.775778699133884 12.705796972615031 -5.22983165711763 -39.43466244497706 26.89312782205399
-18.37874021858648 11.905688862173237 -5.61697905660781 -38.94710315339823 27.86187641993007
-17.590106572734395 10.97923929588938 -6.314138208622397 -38.697147186417304 26.861902332958206
-18.58816633494445 10.581794998642371 -7.287542454697603 -39.6941897666507 27.719623749837716
-17.62361540598529 9.656091389774534 -8.25928480374136 -40.63630158433363 26.753135256917226
-17.592103018516415 10.655631830675098 -7.340122284774963 -41.599084770033365 26.69321257541027
-17.186033259119906 9.818459221292516 -7.92630067664968 -42.558941392572535 27.427889508688498
-17.241453260278078 9.821693206806186 -8.115472681172086 -43.55890554470419 28.399106361456752
-16.328059918141395 10.715700778885553 -9.073450664592752 -44.35120506263946 27.550705739807047
-16.605562102756288 10.250874300374344 -8.616975685196616 -44.33640171083241 28.535346212431474
-15.786181804052939 11.250856522451427 -7.624594402022606 -45.10894947651474 29.532465898043437
-15.816640528046856 11.462657329987096 -6.646469831038846 -45.94375960608703 30.50618981595172
-16.689058380314506 12.10757235315968 -7.084777870138217 -46.44048400782417 29.655428665516506
-17.325615937743102 11.935112803805849 -6.316048807596797 -45.59539082990552 30.640487854438376
-18.31240079791017 11.102379081935476 -5.834761723570661 -46.0010747895941 30.05693939309249
-18.753073506946002 10.296789930480676 -5.00662443859654 -46.995431331969115 29.06997004631873
-18.20085062802548 9.44527276079016 -5.084449449759127 -46.62710713009747 28.320540077227722
-19.148748017468655 8.601790019470915 -4.999381698406784 -46.00116690198406 27.32085894894053
-18.773176017851142 7.610653141305379 -4.969787292382305 -46.79663457340155 27.941170975646102
-18.126388283851963 6.655225506001485 -4.608642262937766 -47.743322742080984 27.52618695129816
-18.573543954744213 7.047651937027083 -3.6580066445572665 -47.52001828820597 28.30031171535672
-17.77641995537774 7.054433107250693 -2.7397070677131685 -46.522591331938884 29.051655282353117
-18.776413019650008 6.856883144643612 -2.2573716252972416 -45.661963853831175 30.01451625823185
-19.724158376778725 7.852641169912023 -2.362977970888845 -46.31999416657365 30.05334228541067
-19.142001307797674 7.532534475001705 -2.1856833320811972 -45.33703260792086 30.931388246281827
-19.376070914159 8.531859337076536 -3.0742467538178415 -45.95842338113912 31.930724834116585
-19.257660791291592 9.341738844233467 -2.3588192799638366 -46.12073057737706 32.74809658087866
-18.816134059628666 8.38497879647473 -1.4636755823712497 -45.673405812088525 33.402667577063156
-18.923214610816824 8.912344249726935 -1.2039624961940398 -45.8859958595787 33.50391539400584
-18.039264132187213 9.709282038985222 -2.199491559895215 -46.03423911644168 33.9066307917238
-17.2074934044349 9.495629388173988 -1.2591155115227335 -45.922842834076874 34.171229766368235
-16.727828011004675 10.22855073763007 -1.095052134298892 -46.92106329411747 33.768580752301084
-16.434506537955652 10.726930294876857 -0.09908972557916829 -47.9177466368609 33.064892563565394
-15.475611239469965 11.523276728792471 0.3284237393452264 -47.996566508745 34.05742042592239
-15.750184920434226 10.550958940220653 0.38326828522073786 -47.29262960562392 34.02502660091607
-15.4009424364634 11.370682824013988 -0.41065842957838095 -47.078323169321386 34.760853966597715
-16.28060487440016 12.25108371394795 -0.5267618452838703 -47.33303061740815 35.722355280820416
-15.660143648799638 11.804964482002108 -1.2332193580794497 -47.1560240594775 35.70492807542629
-15.908297777406565 12.448472272397073 -0.23640925882627095 -46.66687660420019 35.78386743374413
-16.79888250991541 11.484190126153246 -1.024965643168681 -46.37164083763838 35.51184893813958
-16.277592133906186 11.48391607771941 -1.765256357363751 -46.78435613376604 35.86040032785317
-16.2122864272987 10.7880209727778 -0.7675245813459017 -46.186298588708674 35.437073392273035
-17.156374463005815 11.73990079697807 -0.08675761158555362 -46.38851661231493 36.311018953490496
-16.157364819833425 11.024506610782975 -0.7991256965143704 -45.39000544589549 36.554286593647106
-15.16223156256829 12.00741606266792 -1.7743514403472567 -45.06416081872464 35.57600554024827
-15.864244373910692 12.724074383318685 -2.6961207431419383 -45.11058904680534 36.32864464614011
-15.270420765599917 13.470715368134208 -2.5987660112802846 -44.637118239904765 35.988796700050166
-14.736613378550368 14.131277307592502 -3.5058736919953577 -45.33736546020319 35.11286135187363
-15.494114795283911 14.727437762853787 -2.505918959642658 -44.7339360177797 35.839138040896216
-16.47270716599672 13.739444603411194 -2.1940597201030116 -44.45383753047176 34.86455489877375
-16.54113593307313 13.594841960795808 -2.346456296764593 -44.84325307722212 34.265853501706
-17.50662464546468 12.82123762611357 -1.5804817268277105 -44.606287911989085 34.5558534623495
-17.51526242676023 13.774949534611173 -1.0956023989641577 -44.07941612749635 35.23105551132623
-16.52490819266237 13.70955243910005 -0.36128937714767084 -44.0885222995446 36.10855774747731
-17.52490732329923 12.777046206366718 -0.13370622365550183 -44.01203944548194 35.43991635526317
-17.7048936114937 12.919962303480753 -1.1300266985693732 -43.228794513559464 34.640585297837106
-18.09488758013402 13.309340920418132 -1.1367012504088416 -42.23041411419635 33.78171122375123
-19.067032670821455 13.092392805514972 -1.4535613410666626 -42.829367479968305 33.45217202100387
-19.58952468152818 13.25625740662466 -0.5662709283909543 -43.34509143237239 33.634484604984294
-19.571102110241412 13.091084317901586 -1.5183306853738023 -44.32268124971531 34.5282681561071
-19.682990072529908 14.083336285903922 -0.7067724267052721 -43.32327975100381 34.06929652964065
-20.601673955614622 14.700572450006586 -1.6013912679715694 -42.399660084514046 34.39339558504002
-21.303610303724906 13.723075154155838 -2.0994442530542345 -42.647409070531 34.54983364418608
-21.529339320652984 12.99702103767278 -1.5924212683547136 -42.45274531906283 34.46742464736881
-21.802071888062592 13.192851554924994 -1.8762953666810003 -41.463098609353445 34.837934123961794
-22.639652435306093 13.452375086590775 -0.9372877882841233 -41.54051651757809 35.79940115209837
-22.188064747978363 13.360038316484149 -0.005308510533588606 -40.59073335921855 35.177819217558145
-21.822498854197942 12.953999438962658 0.789916850025984 -41.57565157455623 34.551550548145016
-22.224771306043905 13.785109903282548 0.7785608125830261 -40.69133111636704 35.490667057573205
-23.078487298731964 12.790001087173803 1.5351814289927344 -40.25320348244512 34.49147909741224
-22.46426808857868 12.12413426659465 0.843142045700996 -40.05145808322988 34.579556581076
-22.546443165619888 12.558363001073259 -0.154850876714984 -40.87229966999855 35.02010373212827
-21.770032556843205 13.258626472580687 0.8099161786387943 -40.11005317915106 35.18570071264068
-21.515327176328658 13.460533503720276 1.809441044524585 -39.17001099744366 35.721300184980954
-20.96782666728776 12.99644968516783 2.7578848339468527 -38.69154062641278 34.81263936676081
-21.85787473729764 13.742447013955124 2.9890187023763697 -37.798415629501235 33.8769043558473
-22.85193545642866 14.542153161372262 2.237190248484511 -37.01206189507504 32.91968591348676
-21.860003895926102 13.565856686817718 1.440733598651466 -37.92052379184848 33.90280587305849
-21.84052441106583 13.118571736368265 1.810394153838243 -38.23251085525163 33.71285595193636
-22.41281133860997 13.291705084617425 0.9258833297275456 -39.216656995645096 33.02533072080874
-23.393033694631114 12.392206788725073 0.4765722041404959 -39.521322540275484 32.09490498223375
-23.194789566459296 11.53401423254164 0.02845517713507323 -40.48890566869299 32.76871386471101
-23.82952512440608 12.269046153619986 0.7019885859200139 -40.42084497393537 32.13762391086426
-23.719169360578977 12.794371037951963 0.2841874698160315 -39.458756943332936 31.409327120702613
-24.55407936419831 12.32050967122878 -0.28440598248269233 -39.87460911975883 31.289721382638067
-25.525669292786386 11.327518610527628 -0.6358015780146101 -39.14114029350833 31.738607348506854
-24.564285076149496 10.61595788102306 0.3150415104628842 -38.854420452878166 31.686295155140556
-25.146796881414673 10.795089952338774 1.238210613445378 -39.842680807659534 30.701022207946284
-24.299910540903287 10.551748048927271 0.5531843824302738 -39.694597595826714 29.708311350926454
-23.56900272481907 10.652104110325304 -0.3011538570492318 -40.643666051935256 29.2229268770091
-22.851453990462666 11.398031064970215 -1.0963800652338151 -40.02303290554727 29.679832551867328
-22.76766558200918 10.398458479085985 -1.8214227018734053 -39.87219066622392 30.45300018894401
-21.768077015993022 11.325512430305759 -2.8212198150550853 -38.912804844146585 30.122610792428713
-20.787645539138765 10.403856914544415 -2.6348880096926197 -39.887988040867356 29.460569668232335
-21.71154044365964 10.088301678889954 -3.227298904867212 -40.811387130451244 30.1057014232215
-22.48288682224583 10.227484186160167 -4.227264656620257 -40.153403468187186 31.093222376424727
-22.815856966420604 9.516940646853902 -4.0354403210038035 -41.15280684830342 31.853298682639092
-21.950764638662793 10.103705498035811 -4.963765583986 -40.34677436215894 31.80724731734766
-21.91763207082384 11.100949344236646 -4.036835631274268 -39.8933091249847 32.55135649741941
-21.63056033794441 11.997239783285739 -3.936578173939927 -39.44190658746406 33.54579451531163
-20.644398127840795 12.629636956002418 -2.9874462749763517 -38.474149198741955 32.870885891828394
-19.67248839511149 13.533208842758429 -2.6291542551505604 -37.65611018824095 31.901527281740503
-18.77933072033987 13.910833263588401 -2.004474278237585 -38.638920555344406 32.080564948702396
-18.19257757151458 14.477193758334275 -2.4064287036505516 -39.229989056523095 31.297495947029507
-17.20522061335012 13.732123578170032 -3.296045236276161 -38.824273815140195 31.88046789687242
-16.29668943160365 14.272932970300381 -3.840256942317364 -39.335695142076396 32.55964862358885
-15.37073757906323 13.290992760758964 -4.840256769491906 -39.19782427862776 31.965360994389997
-16.31072715449649 12.377154726252877 -3.904273089141593 -38.241685630353444 31.688125085123346
