0.17569567480392537 -0.49760553476079894 0.9792782924680556 0.9329545131001883 -0.0637393361481617
0.472379592006564 0.20276117363008805 1.1289914325212071 -0.049872994314590025 0.12504512144500912
-0.33755907132616203 1.0038754841456154 0.36969209647896084 0.9259862356165505 -0.8681900925583127
0.6446364678791947 1.9753740425979152 -0.5208329204491242 0.6318677334648996 -0.3080637037363114
-0.35049063163712035 1.5811124769120015 -1.2985648915222463 0.20397518573300477 0.5436548969293401
0.5763214062189279 0.58759423809574 -2.183233798249996 0.5993683878504539 -0.07398063584217163
1.3247384833898483 0.05928776244776246 -1.5489916185076615 1.3137418007245432 0.7448563514404315
0.9989172527031027 -0.9300418254445196 -0.7056918893302461 1.2804881423125392 1.2951270246917566
1.526185002486721 -0.7168870246747684 0.2914598527823833 0.7480406427399284 1.36370862950607
0.5266605327468503 -1.7133634641700182 1.1713628404558678 1.7479147206449572 0.5883319680369725
1.5213838913857094 -2.003279028600143 1.0725484856949394 2.3095877709677493 0.0979327129594793
2.5026471169221285 -1.10204981216323 0.6175617959611295 2.4926639690740564 -0.6778948813329575
1.6940854972391501 -1.5905803502995657 0.07273709529425965 2.9207547614111014 -1.5008373028744444
2.674731180328778 -0.6089000503384774 0.8882469002382405 2.127047855465718 -2.4613936596641905
1.6761563622704432 -1.3538373329547109 1.4461956975677643 3.0130010323267413 -2.9336584595953554
2.544016692049759 -2.1839168155606354 2.153860675236709 3.9735627284437207 -2.328790816964721
2.71380319039295 -2.761456954866069 2.2633679774446884 4.828662217109491 -3.3230626832309724
3.6950597056089074 -1.8040406129829134 1.2794935912592722 3.973442004733499 -2.5435662258326612
3.022769848335347 -2.50802015476402 0.4366246109140156 3.238642574136609 -2.1176267462009464
3.911891171529949 -2.9589561001588565 1.3713903658270037 4.182181879005137 -1.5893350939265338
4.906466915956769 -3.437188229098912 0.9094265761836999 3.7840256584179706 -0.7165378429505705
5.611724951677196 -2.604411808396333 1.4292177634383287 4.783752843142328 -0.6598499448648707
6.428691171502793 -2.2296872965407712 1.7817689742538207 4.684934483430668 -1.6294229243879301
6.53690620618123 -3.0859670843860103 2.5904848023032647 5.684708417444671 -1.5316905682796544
5.898584687477763 -2.253031891791948 1.6436678435594823 4.877483881688233 -0.6061806004677718
6.751250515591555 -1.2654227372003146 2.3468261410219733 4.064422602558384 0.3702485423601879
6.964577068076538 -0.9237655899057273 1.4204456238224674 3.5425165504380267 -0.6293200923931577
7.474063908769559 -0.6130359511683645 1.2873933154928832 3.277884580057308 -0.7038093895553547
6.791800444393894 -1.5513518584877093 1.8459368492649064 4.102800669539171 -0.670245815585894
5.897217652375678 -1.780131035925241 0.8496062203090784 3.1413454047609273 -1.5292023182947176
4.903401131230375 -2.7761538203706566 0.19622957263950647 2.1532883124742677 -1.2695341835983693
5.2986406075257575 -2.3959747557678712 -0.25145618686340093 1.3337333504322513 -1.2643921489392083
6.193000049768418 -3.3841102093686724 0.7005259792764444 0.5979134527783557 -0.5018943272907386
7.191186091233222 -2.4496549638459086 1.1754412773984662 1.330258413281875 -1.475259666231001
6.857543083640378 -2.6334765825686337 0.8233934075503093 0.5485008666215526 -2.293689012335902
7.695189242789189 -3.247618287425472 1.8137480640367105 0.0942375704564613 -2.497772937103594
8.323051093168159 -2.6294944542460694 2.556362896610239 -0.21922911132090145 -2.683081423634062
8.475156630112302 -2.7871287359701142 1.7290411500006182 -1.2048295508608238 -3.091470895897977
8.586784230124422 -3.7628166030337127 0.7290414087556334 -0.44310673434907544 -3.915778229632228
9.324932777556 -2.958437252732258 0.1530081645211493 -0.8505137056129739 -4.895482978712728
8.974374720498954 -2.8310582426574924 -0.46398639782463047 -0.9948301769402655 -5.106479629231373
9.417284716224867 -2.7294144068410002 0.3003586099168867 0.005048780546360598 -5.433940894307879
9.296602087914378 -2.9294764561193953 0.23296380378140902 0.26192467124332697 -4.755569154137817
8.343281940772354 -2.405210262929259 -0.32083172900913315 0.6150801847912364 -3.9817922015219005
9.098258358412254 -3.2625925232279016 -0.7798384779867349 1.37326525118943 -3.0872860133038813
8.169301920514359 -3.1777145328271956 -1.5914849549645016 1.276924473959118 -3.688572225139038
7.169671961408679 -3.6911292621172276 -0.6511987439668936 0.9925893516941979 -2.757696635718727
7.246523203562901 -2.8156522759866545 -1.476019449142299 0.20154925337898988 -2.5089559862579685
7.040745264104776 -1.8680394095620585 -0.6713552633139284 -0.3431944922354516 -2.9107122584212752
7.316560806182425 -0.8789919960947183 -1.1094443450027895 0.5127169147444933 -2.5269467145611406
6.316652160776572 0.09506893086429291 -0.5340710446381168 -0.07066339253146736 -1.705524804780772
6.842225875482976 -0.8937472412378192 0.4575389899119533 -0.6325730215756342 -2.313781159801146
7.806267825823316 -1.380599999886601 1.2632192959616129 -0.01091454210612064 -3.0878485155417117
8.040660957381055 -1.2022133739186482 1.3267922368463123 -0.9982207722763721 -3.4510860343399647
7.06046267561159 -1.4776304770525532 0.9602369967130598 -0.3145540574009601 -3.68108373859279
8.027487391826128 -2.298708065156116 1.586697381434223 0.6839710374480479 -2.7277975674767423
7.187210633902717 -2.4154137748891893 2.5612915994629972 -0.16808157852336736 -2.457038580525366
7.7616042594347014 -2.9345484062345477 1.7075783470002803 0.8109921995805838 -2.167468064546851
7.837258429289143 -3.716300544463687 0.8863468056402521 1.7562518177357302 -3.155731507288814
7.4980148658025 -3.5606929136729635 1.7596086251473746 2.207273278141966 -4.139342000936056
8.496506568971348 -3.3877852032117897 1.078932314568128 1.83601344140153 -5.136904588095119
7.955316208838405 -2.390793771374641 0.7408184227067582 1.9358382086377124 -6.118913536049904
8.909435719218072 -2.3531690473827225 1.5302793364598037 1.6145075900521921 -6.672397008072657
9.683786942147933 -1.482145202896553 2.2063006949872275 2.5976351528339476 -5.71569376180397
9.394475309330062 -1.4606899395466661 3.0212913352736432 1.6039978086781086 -4.790010819858342
8.67628617920829 -0.9737397500095506 2.794449775966867 1.8455363359015422 -3.822918419036723
7.69148867215336 -0.7738231084403661 2.7976006887520075 0.8965426340461652 -3.6825510295703228
8.274402067987984 -1.3384422262326905 3.693338239396444 0.22476013529026428 -2.72078001530169
9.04449086510893 -0.462345466827624 3.051984531256589 1.062061577640415 -1.8015766764520804
9.150816586195894 0.3620622379613937 3.7628023454512762 1.974123249652211 -0.8027591396828037
8.273925350871604 -0.17840551812732952 4.719175676628367 0.9796720956287067 -1.8011861740304747
7.357519273203766 0.6639037041299289 4.28212566834354 1.9796708763429662 -1.997542506782814
6.856540550335017 0.7028822711866367 3.300238902685622 1.8881768993899681 -2.899350121802717
6.762148261892375 1.1555621379662193 2.698058862403607 1.728029957257447 -2.2329622309691266
6.4599828633284515 1.254661164745272 2.4952439355868834 2.67210686812526 -1.2903761841543244
6.935878436721249 2.249865652069121 3.2215770536351442 3.0061330501299737 -2.1992377815806687
6.785606437138357 1.6083277343688116 3.749965276842655 2.015295366614109 -2.41808362831933
7.7354622419245445 0.6346481828935874 2.876927136582912 1.0266768711021117 -1.4488784699057908
6.81834356282199 1.2182009665658189 3.707536995699228 0.0628879659346403 -0.7128000320608228
6.917061554198811 1.9968948321309354 3.3960738845339824 0.28625734014632065 -1.1353946369691255
7.875515422994601 2.9586182601158635 3.8111777436801124 0.13138584923948982 -0.40335260620607905
8.687086611095442 2.025357607950646 4.625131943680833 -0.3462069704500247 -1.4016438245990601
7.6878574943295925 3.024227021791839 4.672302160484621 -0.6497218517120519 -1.4638560920081445
8.521921800493923 2.024687243465755 5.36763518710176 0.029762729487420314 -1.995575802124827
8.166908822574777 1.0275741448774325 5.787681394427218 -0.9408052339711088 -1.7511440970177488
7.309449401427958 1.4392905764649637 6.191438278523145 -0.6619797190385361 -1.6024977904230298
6.869065093193476 1.9298433954593017 7.14715272072192 -1.4795834646177428 -1.2226721897051487
7.253657612337077 1.949249127408778 6.344276283748521 -2.3290329434614976 -0.6238576508338726
7.091766484918245 2.9432797607603374 5.859787251076856 -2.2545110888258093 -0.45265731504990225
6.293981381351039 2.8565155593772458 4.889450802330947 -2.3147314947566486 -1.2493059801845972
5.861308920221582 3.5457473721862867 5.255293453639444 -1.3893144192769618 -1.6997758617470176
5.82321907005242 3.9543328642908895 4.552982793780328 -0.5111343864242804 -1.8505528910606137
5.246299519509803 4.426207859516682 3.7818616270698793 -0.8179929960987163 -1.808014916660173
4.4893356423662 5.026712417014437 2.8169543277326925 -1.0343614765764033 -1.6564856751672306
4.6079514855451915 4.02870148931983 3.8055779046454457 -0.03749214945593238 -2.3113507891154703
3.9607313554195476 4.9345413839312275 3.6072470567923762 0.02388704427926823 -3.136685476891919
3.138958820499412 5.059652241717979 2.617822615226426 -0.010583296817150131 -4.078025298298425
2.3739933350918125 5.807572670065298 1.9702144811331144 0.7642099412996203 -5.026084519479851
2.6907786152253106 6.577941053217541 1.056951258887199 0.3660174601571188 -4.742656498279774
1.8653009528651938 5.7088274458599235 0.24913123721446684 -0.6309063765200673 -3.7516813987473148
1.1967144246282362 6.117407629786554 0.8772138549375568 -0.9133173633648207 -3.2988169004308827
0.2051336470977535 6.134517133273139 1.7829922499589834 -0.845907450958259 -2.3041823788462055
-0.5803521329867299 5.980785359616315 2.7679897503404516 -0.08521110650505015 -2.4861382497713533
-1.412599214293169 5.3155897594783665 3.3568250242559636 -1.0185396623789216 -2.3754275798412867
-2.3078999026530926 6.082749122781097 2.5411140646763357 -1.0859966381272408 -2.598230447490257
-2.639707852848405 6.99743092343868 2.478150222210228 -1.8343921611896248 -2.6142438493778872
-1.7492703100917026 6.009702502543958 3.4555549022060124 -2.799757313661936 -1.7849003037488087
-2.7337109793711885 6.671662273728123 4.082356886921874 -1.9255530271084131 -2.7501525206829625
-3.386564240159022 7.545278203169257 4.460255155830361 -2.201728250307563 -1.8214543848382672
-4.164294024615646 6.681414648027798 4.1751026741028054 -1.5596453658822722 -1.7534808311105774
-3.192002325674287 5.92796606241625 3.572128204294945 -1.9722765176600692 -1.0283264388677626
-2.675199205032792 6.046037960849374 2.57939254711331 -2.728700619799736 -0.9199359126203005
-2.051870221665091 6.535582705437611 3.0622336054341717 -3.2283718525186056 0.062303282803535476
-3.0438188760916294 6.034059224735365 3.7956358390655094 -4.185299563155192 -0.9095424214007581
-2.489335583588115 6.055636819753547 2.8012329593816334 -5.120517851924954 -1.8750213693622269
-2.2552258737318702 6.691252868301135 3.678734324929321 -5.469673682605329 -2.447537032639214
-2.1835581303603124 7.190270633197221 4.113669534426111 -5.17271984081728 -1.9279989598806506
-1.2591915495409258 6.822082178762353 3.9790407166359656 -5.713256512935179 -2.916788834263299
-1.9872027064225 5.987471630334108 4.714714037559118 -6.706851763491951 -2.781875812802394
-2.043010481320511 5.22624377919573 4.445220937763278 -7.157143766730694 -2.5668661482299626
-1.2072401895585687 4.230627855149598 5.2842805749807065 -6.330264231723477 -2.993031563241706
-0.9125156094729351 3.236826425450416 4.573730322832537 -7.2388890240817005 -2.085583529271532
-0.876181654175764 4.219165982628559 5.541805168456255 -7.091910081060861 -3.0472241418367942
-1.5746563737070502 3.9645358103125856 4.805570177628613 -6.941706255900707 -3.7002199083367593
-1.9552776720878582 4.6690683188214415 5.666680056719243 -6.006763093678119 -2.8366983140486273
-2.6008357048930426 4.5581113250669985 5.358872030586375 -6.815590589984486 -2.911138265181073
-1.6070617189306604 4.752605469742646 4.884098584784244 -6.285237534553033 -1.9416448184365414
-1.878326000491885 3.9909810340824787 3.9736880081694754 -5.442120122690948 -1.112278681357052
-1.5314978285335434 3.3282506405885277 3.087528552993412 -4.565413981526421 -0.35456260397424744
-2.5098819753394834 3.0658250405392145 2.361357115979107 -5.5193380375253085 -0.3242454583109875
-3.2544630602481224 2.6956662818070734 3.1508950800715887 -6.508651437645117 0.5287349885615364
-3.9919716717464873 2.5835799831672928 3.3293525357050293 -6.658715210223545 1.029286845510784
-4.57140174439804 2.5793099057394455 2.571898419179265 -5.662284957823075 0.25019640522619413
-3.8115280392203825 2.970126891466365 1.5719627925171182 -4.798035958005795 -0.6589134017712182
-4.063024987176928 2.507242077379578 1.8157469651934894 -3.8045642197145644 -1.3037965531307392
-4.141471857085798 2.1962876232699817 2.7732756070545372 -4.293299788816622 -1.9435650247999228
-3.404401221622382 1.762072326858417 2.9301830759627228 -3.9925076577274186 -2.937137222236065
-4.090360228944949 2.4225059562381555 2.050988175921181 -4.868479165804148 -2.4529531241982276
-4.4765227244367845 2.166795868060849 2.379534115100018 -4.173356986714234 -3.450247047531169
-4.779182759293507 3.1624779689259768 1.8150628629549304 -4.735200637165528 -2.4523040657925295
-5.572992321248289 2.748535420240583 1.0023584651752864 -3.841682615073739 -1.464679002635702
-6.082316523082613 2.5874855214339334 1.995189929042883 -4.460738033454449 -1.567188481673206
-6.819289646679533 2.1087377245249357 1.0137998752317925 -3.555399246688636 -2.4214170418215173
-6.963776522105978 1.5328895467068329 1.811730425013415 -2.555420824509882 -2.9468884794861374
-7.95620160206254 2.4295992083075157 2.0621211026548067 -2.2795408598508917 -2.701128490127996
-7.895644023924207 2.086967852317259 1.2396346320637543 -3.2404841661758113 -2.2603885105029176
-8.848189816735786 2.5999297696557515 1.2758838635013778 -4.2247353258791565 -2.673570967620493
-8.632735692119645 1.8953676482275241 0.5998311558515704 -3.8424326149426418 -2.3453038593872786
-8.186794461807224 1.9211725906940775 0.33397778754332985 -3.218509562682544 -2.935560602142296
-8.654199262515636 1.3607157299604413 0.8621412707926841 -3.8502245314331 -3.594187028327594
-9.541504397470636 0.39929160259868746 0.7144078136776473 -3.105933684107043 -4.411547731428058
-8.667142861315819 -0.03501585080567293 1.6771494703429717 -3.640887707715068 -3.9082542534230367
-9.656677110277084 -0.9427215997705176 1.0790280766540739 -2.7039932134548343 -2.9086162907817306
-9.492702263262391 -0.9744505939880245 1.4163140776731573 -1.7112256303656876 -3.320337269790838
-9.154909545498022 -0.20539902524370912 0.4252378365282068 -1.3025006973680204 -3.3992437859876476
-10.00668289151012 0.3468061916669847 -0.5668142325250175 -0.3318063606495528 -3.832546403256662
-10.6801161822602 1.3168985113961642 -0.22791962957086126 -1.3226742970016931 -3.957521432182024
-9.680624119722241 2.2651752349512613 0.12136157114305263 -1.2709175534160184 -4.142142947852334
-9.64691787693453 1.308687586554953 0.024420901924581587 -1.4588894464642113 -5.125462886794105
-10.606340918596242 1.996548883481632 0.875390343841198 -0.8382083674552018 -4.2382309877761335
-11.084791720549276 1.690268993717192 -0.05909482524492904 -1.4211266895029264 -3.4493812321776396
-10.240366618349855 1.9390292760938628 0.9241208425551346 -1.6251137821100432 -4.446601095171691
-9.242534991836132 2.688067929506896 1.2141755623965291 -2.612015492699001 -4.308831254452333
-8.489958944865773 3.6873459095286147 0.21844399109820822 -1.657855071397719 -3.7225129218303126
-9.480197953197342 4.616966961112665 0.4307507251560134 -2.65522794965814 -4.255245265484015
-8.488515579058006 4.269942305070557 -0.40849452357612037 -2.987647575175879 -3.337042270759299
-9.31295083825021 4.491179944229673 -1.2371351577526448 -2.2582280959500265 -2.7689518963512003
-8.336128611316479 4.975225459420337 -1.6031663095571378 -2.8592389995680296 -2.204623202144934
-9.180426279619558 4.853755268586927 -0.9453908149873431 -3.854295152546394 -1.7320475465971827
-8.470032382159854 3.9088971280599765 -1.5183749052834368 -2.978230053841388 -2.6942284781271026
-9.405649980096268 4.068017832376268 -2.4382654097104686 -2.7721174288952333 -3.150892751330745
-8.770610226153465 3.668503722895246 -3.27511704289466 -1.7724756073042534 -4.046790069732291
-8.142560114763072 3.1824192403717433 -2.5295850106276845 -2.689077795799613 -5.045338960715945
-7.186493674046816 2.1824192509436027 -1.5436400148234934 -1.8381822864645194 -5.995661612549297
-8.04627555121385 2.9385813154422316 -1.6952597651581165 -2.838150787339452 -4.997582908690013
-7.86749440435175 2.7259235499197 -1.9663796161286256 -1.902769429320578 -5.961723274543566
-7.579466628632676 1.94682008153482 -2.9295918159983225 -2.5968511606245577 -4.985262672187967
-6.723507140532794 2.8093652210878735 -1.929879561290429 -3.1008651871846595 -4.149511975655151
-6.140391067736643 2.9844905365141616 -1.3556346340101282 -4.022503854864879 -3.1560558989482836
-6.415294325381848 3.9835049946069248 -0.8905008830652563 -3.595587267289276 -3.9975265500823594
-7.118323606123097 4.407056350180922 -0.11477998946744195 -3.6256472089815093 -4.872198461103636
-6.785901912521427 3.4083851781278525 -0.05234031744925817 -4.391262362552643 -4.593617054506401
-7.630397936778612 3.873617186150114 0.31496253862813334 -5.100817231141261 -3.6134427651144962
-8.008055504939815 2.9532467566890794 -0.6784893941565555 -5.78353998639327 -3.019040975866221
-7.047307944863411 2.911815657326855 -1.5762888955561594 -6.714298376234762 -4.000684085385656
-7.412781341135501 3.2078509306001193 -0.8040848001940657 -6.1403256816243665 -3.8484886923914385
-7.2343689654811305 2.391577701424419 -1.7314626964868958 -5.156152140569648 -4.83309914716623
-6.304284433794115 3.383490070898729 -2.663333764978939 -5.969559332856068 -5.3026905744098
-7.254039218918079 4.176980025077643 -1.710198504097162 -6.564890022534968 -5.074360025750913
-7.747448188455764 3.2175761407536863 -1.2048046347076156 -6.439692690996152 -4.177653183503956
-7.863223647390433 4.027042210032042 -1.994178093192879 -6.537788584304094 -5.167882424029782
-8.295619019528047 3.0278493482975133 -1.1669562498772903 -7.270828651689257 -5.148670402126663
-9.251326399720854 2.9322417965418115 -0.3548659983337815 -6.2767005783126155 -4.985040435306145
-9.742627946228017 3.894930922723444 -1.3547658710698827 -7.27627212281515 -5.2535583436068
-9.580257098496855 4.516692905142786 -0.9998355474857268 -7.631908619066297 -5.634411707918367
-8.600238009404038 5.248363776095601 -0.018438803867358966 -7.699345910253241 -5.7767172575826535
-7.600346442391627 4.722126187563409 0.33982987349915567 -7.51678328810543 -4.944564887543031
-6.89768668295491 5.511228434996122 0.39397645650153856 -6.769092634014113 -5.448814678225748
-7.377578405155832 6.480510882943086 1.2988446232799942 -5.776112327255022 -6.0745985285063675
-6.949146344540797 6.960112646702742 2.1916793049470393 -5.767100749509225 -5.704103764998731
-6.398074607033405 7.958910969675716 1.2759678600014839 -6.34932092428396 -5.841790908367513
-6.1959670861831455 8.717222239214703 0.32706751759762476 -5.358400301777497 -6.4965781844687225
-5.230350936339806 8.392909414788424 1.1261108269779778 -6.355205530777023 -7.456812382440727
-5.262053822003914 8.15100590251141 2.0673953951908257 -5.37324037773543 -7.90433936451216
-4.6005056197428695 9.137109601716237 1.3167065581903263 -6.304905416401446 -8.88962478742255
-4.6401355278820535 9.704340308300093 0.31887429867741135 -7.292686256788173 -8.607492549392559
-3.8488498333093486 9.544321151571507 0.31891293142291266 -6.831777003678981 -8.34026491651891
-4.344140084453448 10.516077262572395 0.4043702077223438 -6.173093855460264 -8.271622242210857
-3.773605799986073 11.393416010962339 -0.15618762488128146 -7.171944370674007 -7.397560322952138
-3.0129037497134252 12.164684148383543 -0.1470580671399581 -7.963432369757031 -8.39217335961969
-3.006515646565861 11.899318757908501 -0.9409919865244462 -8.51386122800403 -7.925435709260279
-3.368573683856993 12.282688363715689 -0.3375795762133258 -9.40378480622057 -6.978442347429119
-3.3697373470503025 11.659758193426578 0.5984937306359982 -9.780740417928063 -6.292359137482657
-3.2667103514337525 11.674832408996682 -0.31212617596984815 -8.979310256272916 -5.306877025314751
-2.811303804841223 11.533499148657285 -0.34703829930211466 -8.201931170148185 -5.418550279283088
-2.413829481203419 11.683697259392542 0.6436960792321049 -8.81126149488883 -4.629563805548543
-1.6329883405638794 12.682907969578704 0.22286461842970223 -7.9152991134715025 -3.7520514493697794
-0.9971260347181476 11.687910801571794 0.38165049616073743 -8.882181353990191 -3.2397222171609377
-0.8537054834830646 11.838982738092913 -0.5429810616082312 -8.693402851057476 -2.2506963280225833
-0.66714327400159 11.212776387733197 -0.022606720083865883 -7.702037135489681 -1.4006794649983136
0.3246647612593483 10.883922788390828 -0.6462143635670948 -7.7208841194921884 -1.3609696441778782
0.5245215518596164 10.844487432300122 0.10992395135881639 -8.272726991390176 -1.8302375169471232
-0.40371479175623337 11.136511766591344 1.1000234930852173 -7.375158517744023 -2.330103461741159
0.5893120670198142 11.552763573039412 1.998951228474429 -6.904861869726357 -1.7443282169834846
1.2266559249254936 11.087594355988001 1.165753394753504 -7.807403779743288 -0.8636063767539185
1.3540824234115019 11.301961473064596 0.33884712113331295 -8.724363615197479 -1.7059529717665023
2.2583675698485686 11.909944433907516 -0.1861308317728898 -9.683553991347 -2.7034493679460825
3.2565015646587643 12.835868695912426 0.6553959630399699 -10.683543449344537 -3.444599902459375
2.4548553584529174 11.912647150807661 -0.06562627070171623 -11.047735835688925 -3.5768763175802967
3.4409664548584136 12.288289471056704 0.7230064541951491 -12.04773191012207 -3.7130754072619707
3.0254549839186513 13.10818836169974 1.713498648954713 -13.04737858329528 -4.680049854416167
2.0916107247457996 12.284676703221658 2.662048418294388 -13.428369404602595 -5.5802258335865655
2.38473589412753 11.8570093277103 3.4509321814510234 -14.42310578137757 -5.519717865603276
2.516931865194912 12.477801585617401 4.112129825739898 -15.039001218833421 -4.56241051019061
3.1508815349513144 12.056389942439127 3.8296220541142616 -14.129915456882378 -5.128826049448532
3.4663417100279728 11.102784229190624 3.493478221763673 -15.040657456476158 -4.1694916152164145
2.7739546595189473 10.52451735415089 3.3159813127641873 -14.146064198420367 -3.219467885724402
3.7488026216317087 10.913548033674502 2.3256982978561447 -15.146064012203666 -2.288179985391437
4.278924006152062 10.153348320711029 1.4019654069344498 -16.048350880662408 -2.654166250485559
4.781898444778544 9.917696056446553 1.8293239862166262 -15.063346115105627 -1.843937710946685
3.8712138302727195 9.244067203480688 2.410049754708162 -15.759362844021165 -2.3138753696843537
4.635749798384396 8.300685753092962 2.2521899165912873 -16.391151848057348 -1.6156306120414663
3.6467994797031817 8.435490092035685 2.5092282875739453 -17.080886033217222 -1.0998053233542482
3.0688550729030184 7.569263032660654 1.6370722431554114 -16.6154026224591 -1.7923619725287354
2.6054195025885942 8.433780340832385 2.5737618195632725 -17.609784828997498 -2.0614737462113704
2.7227084472072494 7.434673570642432 2.416681123782866 -18.030981379520753 -3.0586478548881226
2.600103625453907 6.6082435462628295 1.416796902744271 -18.299205332763172 -3.8934818649142247
3.512605422497023 7.555473644931581 0.4708775472152562 -19.18215589522353 -4.828526887080487
2.897916007287529 6.576640059205246 1.3855945072925697 -18.823150926787235 -4.085838241314293
1.9964102788175482 5.60836422874792 0.9711798853125984 -19.724158676687658 -3.180324712476472
