0.25377542031419564 -0.9993836813230392 -0.712589319749572 0.7455135984786613 -0.10718969546429362
0.10878256798305794 -1.48036834151741 0.04480813766002467 1.685881648302869 0.7360044932612968
-0.4027804025262013 -2.4735213972891827 0.5769443418178785 0.7413581422085657 1.3408261565296429
0.5111489051800412 -1.6115877237472047 -0.15729641812925055 1.6002316451964387 0.9071906160660277
0.1081349222917769 -0.785386823994306 -0.6978839538291953 0.7966041864000799 1.441630413187181
-0.6877315574383706 -1.4422062484625227 -1.4638718184620294 0.08944091662988218 0.5633427239636463
0.28306334725946536 -2.238558893875364 -2.2425471974049 0.9192767691120464 1.5257696814263355
1.003590877612798 -1.2898021031784275 -3.2180468617538294 0.8740568655196588 1.4236026527733772
1.9958665009733068 -2.27647919076613 -2.947284764124011 1.0322002716784162 2.232962358184649
1.3578625836980907 -3.242959682419998 -2.136519004683572 1.5311027149725378 2.391058794198227
1.669251446561506 -2.3054816778916085 -1.475576595983895 1.0656640001410087 1.8713924007523013
0.9983069380834713 -2.678879343102749 -1.2573914451081603 1.8571913423999107 0.8975944970936904
1.9484141320300319 -3.6733734687114237 -2.1014347991909044 2.079880717267593 1.2715212349867264
1.0362234089738216 -4.373801875663151 -1.1521452459047827 1.6050132367059722 2.2654125066829316
0.9791669240296976 -4.503600340011134 -2.074233793685354 2.1685298863172826 2.6634614930032314
0.7055306151779257 -4.729595629574983 -2.119413075751875 2.598181214790217 2.1892076424378013
1.4720948020910147 -5.4077430841970555 -2.9135581406808297 1.6148232553389332 1.1902319526156622
2.2962951232822233 -5.0189776816446 -3.907527220721073 1.7826261139280575 0.6700392988428469
1.3778198012979717 -5.800014703510445 -4.728301237347325 0.8494196771660666 -0.32192096379123025
1.5917758541678984 -6.682381626141861 -3.910763079607483 1.3583582221966335 0.650193687850171
0.6753031000211156 -7.492670863059681 -2.9763360314622385 0.4257947258614869 -0.33226285291313395
0.76543714617527 -8.041159148045518 -3.514923498748315 -0.5300206637131522 -1.2291353236494453
1.3651253215792907 -8.521295880555304 -4.441997006210273 -1.2066372461447359 -0.4172300310619227
0.4867505928147592 -9.52119352469283 -3.4597241870318722 -0.8713539463054164 -0.5301650150310256
-0.4831197601677044 -10.475713028791665 -3.5429606688807747 -0.023427680926146666 0.39963314184257126
0.23061590733828863 -11.104328834755165 -2.5439711417609656 0.6475682976142069 -0.5774210540436394
1.2300643729780516 -10.26549738375804 -3.5343275745200833 1.6302428208329145 -0.6182499629426288
0.7630750041990721 -10.474235149232376 -4.200182959688685 2.612989399380317 -1.586737520566377
0.37863195508108205 -10.97574904381093 -3.9662641495905553 2.146755878181291 -2.440709339533438
-0.18510833564099693 -11.739957727946173 -4.457621622824089 2.0270778407817005 -3.3214410066201916
-0.9376806173182631 -12.098416800872991 -4.35099938472318 1.0543989234556264 -2.3631835097806686
-1.8415263014676229 -11.105238260137341 -4.900894407105779 2.047490931326037 -2.3687896169782006
-2.176052052906795 -11.802556505033674 -5.170494973940541 2.0092434289437087 -3.219281730787073
-1.7288584095521435 -12.772537528359898 -4.1945678217647115 3.0073299951754726 -3.940804124144123
-0.8554461297819193 -12.01627155781643 -4.084768907481094 3.0940087606056608 -4.90891731190358
-1.5170222072892372 -12.517409834397718 -5.073986603590212 2.691338108797186 -5.456527292042119
-0.5673023535137051 -13.14821856644031 -6.072685694718951 1.841250590452702 -6.428243857296724
-1.5398577740111126 -13.49926383049881 -6.779289957347321 1.0816408095401173 -5.984837738267933
-1.9384596530948035 -14.276692397235866 -7.486648035421106 1.7491069709272558 -5.42152604888594
-2.6828944059000364 -15.263120557178361 -7.641428009742933 0.8767827964659312 -4.649308281158802
-1.8561880459341569 -14.317962646197781 -6.650076422476815 1.2006585093808817 -4.817128953473065
-0.9990231744573081 -15.316840649616257 -5.772001693313383 1.9000445407651017 -5.435466699509749
-1.277670046030066 -15.480915474778842 -5.305211686931369 2.599308376053715 -6.378558315864328
-1.407938072411994 -16.369847072157565 -5.198967577327464 2.7454985548240636 -6.790044216436069
-2.3327860073621833 -16.753274837104374 -5.3467559211957365 1.9653333338925463 -5.805717520334784
-3.330441523156058 -17.532626398525174 -4.360724224986016 2.5989379310634977 -4.812877643644046
-4.2703270216607265 -18.438983348880967 -3.378285736244001 3.029870816265522 -4.513393223035617
-3.461873893420567 -17.773362977222106 -2.8170234805562138 3.447962824770721 -3.748674245282535
-2.4805619385161957 -18.57084873512871 -1.906912854850122 3.262172700360557 -2.750021625560045
-2.1051450256739237 -19.154835572068183 -1.4517060493545912 4.256503699292523 -2.135347215857176
-2.466875769843642 -19.27480355810463 -0.6719200217277242 3.87007562510456 -1.6758402625599047
-2.559610907980042 -18.354908326920363 0.2728504743251685 3.9402653654170035 -0.6873470769621426
-1.937516096049226 -18.926286515695708 0.3945579084440206 3.6039575007871267 -1.593172815232144
-2.3077898866694886 -19.920931258365204 0.9702003718028909 2.701207606738396 -1.02486911950413
-1.989904326533701 -19.468501235084535 0.5270351532431599 2.6782049650205937 -1.965301634002414
-1.6595708319051639 -19.71096627871721 0.6988583167818464 2.5990468425144067 -1.7692965253362118
-0.831978726534356 -19.0996460722247 0.7940290450618754 3.511590614048932 -1.0499908862317562
0.15092108930754 -19.888774806381 -0.20319662339523414 3.1768548769440152 -1.3264066665785519
0.8478281877964123 -19.731764040805434 0.08714320968272682 4.151003502952567 -0.466596465943387
-0.15081939674411948 -20.673272636554678 -0.17030624684434859 4.756649091298221 -1.3581268169444987
0.8491690756020831 -21.404215022634478 -1.024563876591961 5.696510769256024 -0.6928513237170906
-0.10203232181278665 -20.404403975382444 -1.205520943776803 6.552193333151604 -0.3369236900912468
0.20463047277598845 -19.406871698633285 -1.9611683645091769 5.62517971214699 -0.2532732577976323
-0.6216648025724032 -19.185411064983548 -2.877552252922167 4.625759608058187 0.5413925497971478
-0.9948960119816137 -18.81727438523562 -3.8686577426479634 4.557788534481778 0.24429452046106975
-0.658331416522199 -18.133489162679826 -2.9607262734078947 5.552055346515129 0.9882310941044326
-0.015230903931774509 -18.870092506137578 -2.1544295603419736 4.668613466553361 0.09470598266122343
-0.6857549673374228 -17.88592717811983 -2.035306836187389 3.885261923823525 -0.2730865854422346
-0.8691955647136425 -16.887805522781367 -1.0649209946752185 4.36442876790504 0.18547331353900348
-1.625930433527573 -16.203445432231614 -2.0517992467744026 4.88288406106679 -0.8070076547047791
-0.7767502164225288 -17.150129053273545 -1.1128330727561462 4.351245359701022 -0.6440341096033246
-1.360514913289288 -16.15708075490214 -2.0886198774746076 5.333131785571317 0.03877161634115589
-0.7552344701762865 -15.206541690997243 -2.958289583299898 5.859370372240594 0.37267626013358957
-0.2832948983475764 -15.884612861109744 -1.984360161572344 5.749906558063988 1.240368081398669
-1.214563554125006 -16.521934649755945 -1.9805476658463854 5.465945521638362 1.830727780578119
-1.8670337949228206 -15.980658730048738 -2.7714241530657775 5.099727727608535 1.3540049810954022
-2.6117285345720775 -16.145592173455565 -1.7714852431407997 4.585476127366969 1.139734569720562
-1.918576694795091 -15.394189553210072 -0.7865239814636376 4.575003274161655 1.6938844153658321
-1.7771317576477095 -15.431808833897598 -1.404495365089722 5.3210589883776604 1.8635562485217152
-2.4540884067163855 -14.466907152695768 -0.8711587082329677 5.138916329072241 1.0327112917633001
-3.073326511250142 -15.408838495663716 -0.8539774199060913 4.17061480638323 1.3578899413990955
-2.9743038252857055 -16.23846983112667 -1.1666477002391757 4.722874886729624 1.66367745405579
-3.8286642114123 -15.928549459687131 -1.092472675247082 3.9835012943192174 2.556404363649264
-3.035634626636954 -15.61259190704793 -2.019643842946455 3.3445699708263645 1.5739243663885085
-3.9041776485385684 -15.727541062344072 -1.349931537732508 3.9371582268083345 2.5578528127421984
-4.0400374568509045 -15.842420208436902 -1.8360782217149847 3.2188484716307286 3.0002178920653315
-4.895567765720917 -15.816281679729007 -1.608359910517419 4.157393450782166 2.031470995579766
-5.877038155200878 -15.415587736558708 -0.8959561327826461 4.199644164832007 1.2169076217694461
-6.599561640760997 -15.371398540911263 -0.2542254998190826 3.213809725495156 0.7451984086670477
-7.26348920480211 -16.23930884875021 0.6890662797818358 2.2974490457853776 1.664500553734916
-6.778492686348135 -17.21543321064504 0.7363259340798805 2.9771191091545113 2.3985005128662493
-5.972812237644693 -18.161743555859086 0.059485208047687754 2.139509948522313 2.987655266009395
-6.596516248393149 -19.15635738769363 -0.6748879393224504 1.8163889373619728 3.4812059615946787
-5.717734577550816 -20.025208691000273 -0.40115335517881623 2.576031355796088 4.04449983514454
-5.349209015589756 -19.4012490910263 -0.5744882122664823 1.768692110903607 3.044618988507424
-6.335767512202179 -19.607260166021483 0.3711250840947886 1.0284668742665035 3.647671640945861
-7.334114731511153 -20.595913487786607 -0.5094252105095212 1.9759044571708109 4.181813650200527
-8.133239590685069 -19.83231763260634 0.47630150396177195 0.9960630916007095 3.2386215193983743
-7.191975645047791 -20.69419292672695 1.2143440443203235 0.67937218187239 4.238012522538747
-7.085909369866511 -21.211463567238376 1.0055156406933317 -0.11971947242292047 4.227640707691488
-8.085017819244431 -22.210286738959734 0.7521796882814036 -0.6785449750361802 3.7891504596144916
-7.2828142848559905 -21.720118404009337 1.0505096801411506 -0.08260839414132204 3.356481121292516
-8.282153052363745 -22.00517506418027 0.660851905781606 -1.0803358969635615 3.2373322922873027
-9.060021308180444 -22.938810423806327 -0.2245886920405945 -0.6328680403615399 3.7078837255179358
-8.892091682488164 -22.569905874525062 -0.47135450061554585 0.3328737282577394 2.8383729174394916
-9.851449894140421 -22.252427292618933 -1.3667393718509513 1.212064688863261 1.848301156262428
-8.866122812981454 -21.640521639594365 -2.222519603865436 1.0168026615002148 1.8506745740612551
-8.727999370561406 -20.84914284903775 -1.237088455920567 0.01880327348906763 2.83225448990975
-8.91968336093147 -20.92239001852737 -1.8398635925581572 0.9187512318835211 3.796357491307725
-8.95638663581766 -21.73526609629317 -2.5879570257349447 1.5480928157691665 4.682034330414631
-9.779655014610709 -22.496827613250968 -2.961765627543073 2.3980883080918 5.425893023708406
-10.773678624700752 -21.94209832356457 -3.384982918526807 1.399095731314146 6.321739838277038
-9.832541608406084 -22.73614026564663 -2.911789082116631 2.237773346246281 5.796141948453596
-10.210755102362155 -23.30357845410183 -3.0720690389784675 2.7234555643360503 4.796146989539137
-10.734565728714768 -23.298003464927216 -2.400546419826001 3.558536743182957 5.117432397724736
-11.32547970777073 -24.247647046628472 -1.6490172038374182 2.9336998940310264 4.225736511396827
-12.324364193579195 -24.346592290314597 -0.7245053982526357 3.0418421703327136 5.14429248187346
-12.806904115386539 -24.014794953827444 -1.465369019756901 3.61720663348484 5.457500342910324
-11.969977069242706 -23.21057008462575 -2.371838873136559 2.6172082268065995 6.4443051344956395
-10.999133152004418 -23.6302222186735 -1.846925966014577 3.5925383724875597 6.095682280026567
-10.143041166722204 -22.765929506195832 -2.8421901905635583 2.8053871806058246 6.968754716546399
-9.490095896980606 -23.298002405515298 -3.6340404202302956 1.8173488009525303 7.136263415235509
-10.443634772902746 -22.884406501861402 -4.433532705897585 1.5681116989610275 7.595715178014479
-10.634494471020389 -23.857573863556897 -4.740584854028288 0.6023739919009953 6.627665637149776
-10.283273443844964 -22.876999145381443 -3.983415079610078 1.5132025084848308 6.138277636601703
-10.870128929425427 -23.31607683732933 -3.7379794015123577 2.486146173608716 6.570186591375654
-9.928001129971573 -23.23220659484305 -4.405479579232537 3.0169010886658025 6.224742192569836
-9.881852582183194 -23.08233972058944 -5.345944275685301 3.9430981513034165 6.267500993872348
-10.079988976785287 -23.418425172316 -6.181734924160971 4.612988879102448 7.2646790873788465
-9.760117450506113 -23.221448740475736 -5.3058740745672885 5.580317996667648 6.340912327490033
-10.725225747649821 -23.739538327550335 -5.527900498550111 5.099062162021037 6.715127668181327
-9.811945940367936 -22.76641937810448 -5.145010727049228 6.053714676889827 5.76010210458086
-9.397202614936981 -21.878154719375406 -5.274450476169703 6.093168982216113 5.683071898917725
-10.23559463303069 -22.39887860170824 -6.27045466854272 7.040170956117819 4.800023329302368
-9.236487369470327 -23.392895383729233 -6.035694160162944 7.75643406662261 4.410547320861423
-8.393410270528408 -23.06647875121808 -6.281366650086239 8.235960802761902 3.827646392611652
-9.156082893577386 -23.394521391310214 -6.28359346120254 8.56159470446097 4.614396513715962
-8.647038836323127 -22.40236473403575 -6.988815797822788 9.247048141509918 4.911476155293591
-9.642810849489054 -23.105135094405412 -7.27244224079646 10.017785031218272 5.561382289016873
-9.442930165489162 -23.933693326904585 -7.273149687624958 9.017996303732538 6.559119222873783
-10.36132955323979 -24.69646805062935 -6.539978314727397 9.562620745388388 7.025344169032541
-11.035102979861568 -25.43471452416817 -5.750660340055078 9.9357396970113 7.4492908263601105
-11.544867310266577 -26.238252115685594 -5.2757327224471195 10.430489468801472 7.194725364277142
-12.297363735890682 -25.70456732619809 -4.584757881163343 10.810847799795809 6.195392348524667
-12.01436403433047 -26.664307234378573 -5.562969104901197 9.945926976143504 7.002960384521942
-12.817855254297026 -25.72987483439526 -4.720671596760215 8.966630642682793 6.222062803542337
-12.879768089933009 -26.450422548400223 -3.77305213023907 9.95119471013386 5.995412096007821
-13.117115899796723 -25.4609464322411 -4.772072000366541 10.92550717710876 5.93129999961754
-12.531725049743704 -25.67144400750989 -4.3624916923696695 11.749651272003856 5.682720970851069
-13.520016595675889 -26.35070708875611 -3.363537755465524 11.621533969999355 5.754999343801153
-13.261563839059383 -27.043720161510553 -4.349614398765291 12.485537071645137 4.788173553164977
-14.192558554701222 -27.36573614013958 -4.112878773475109 13.485535402049871 3.802655024475727
-14.761193645012387 -28.352946165305422 -5.014038361728499 14.085688200552166 4.56034244556012
-14.277639645590881 -27.635041593473154 -4.141449434030116 13.155246389408887 4.9497545961859295
-14.774237515227655 -27.737759722525457 -3.6337152918383753 13.98918038947582 5.872263189929881
-14.8203718744539 -27.623009003219465 -4.621698982684705 14.274422450967622 6.831121149848457
-15.592658178467609 -27.511018931333282 -5.586485102898931 14.95277208226495 7.215216798262113
-16.590761421249805 -28.453492011472242 -5.415848435247818 14.484789764560283 7.194641294892139
-17.414766883582107 -27.46621286990961 -6.144729407646315 14.355270358273286 8.114809957714908
-17.129281800175292 -28.463216004359094 -6.21661565368062 13.399924066380418 7.639535137924806
-16.178979590690762 -27.68059196146948 -7.200831516479934 12.775457139766958 7.457003585818834
-16.67479612478335 -26.69073307162599 -6.2722727521335235 11.882340887374692 7.616361012421797
-16.051587243567063 -26.536939535778853 -6.414928330167033 12.231527325544612 7.7997939048136065
-15.607549932505485 -26.677701148966186 -5.41506453278471 13.0000987736246 7.040676436473962
-16.230588624774196 -25.83969611021337 -6.362388906452939 13.877009788501343 6.082619920871173
-16.795618264191724 -26.827155764818926 -6.515871467432993 13.194088372591644 5.376045065548097
-16.1732941310171 -27.81417527399963 -7.233648858407449 12.27346384480729 6.306104601376806
-15.925384737248281 -26.82577749947905 -6.373132243822379 11.657781632638837 5.72045128000085
-14.933579466108664 -25.937725469341412 -5.380677953846352 11.791263308993734 5.046915476791874
-15.431725794878071 -26.238315038860062 -5.275626932368366 12.74618787048318 4.867091296176279
-16.319202285730867 -25.554535910425805 -5.407921162035484 13.671825219388012 3.889660261051112
-16.829010143030164 -26.011734727730193 -4.418228357539707 13.087617174123562 3.5498745766510305
-16.32645233200533 -26.78104738721208 -4.698314779398452 13.912189484583264 2.7692195530425368
-17.310545165737846 -27.341646092800048 -5.680194564338349 13.304227969842993 1.7717541756118742
-16.325284708651022 -28.30438235384445 -5.204164934611828 13.972273080616388 0.9059789655881094
-16.105135427508024 -29.09849948085978 -4.723056090442658 14.969631781794186 0.7460166174321685
-16.916093830714615 -28.211713181436544 -3.9478174432998023 14.42982594777247 0.8856929133802743
-17.522947361975756 -27.973145557611204 -4.776679982902232 14.331065251753856 1.1630116619805846
-16.546199731218998 -28.8758645822461 -4.0717408828393555 15.331065003465227 0.735002265032273
-16.02899837281017 -29.29835532575326 -4.778566291456968 14.517261717478908 0.08566688790890098
-16.430565323541643 -29.492962552132997 -5.270027055950088 15.503847209909878 -0.161628830091892
-15.635949179167952 -30.350669891654828 -5.828072055057792 16.215150466695256 0.35664963015520956
-16.19764988591052 -29.81367935527425 -6.715817553747927 15.294352235366466 0.20593052785158444
-16.835647918911338 -29.995444878783495 -7.714394798978445 14.793728811181078 -0.3778846505189755
-15.914048364415967 -30.811681510367162 -8.255719033019707 13.803621432501991 -1.3306610893706903
-15.66821948614394 -30.83677171018127 -8.733632897479602 12.886058584941734 -0.3719768018073961
-14.714763813499147 -30.619420741670634 -8.74056868868138 13.081932876788755 -0.44459546393753696
-14.970166588165478 -29.978847454801986 -7.7942833967735 13.210125497646937 -0.7494670208479448
-15.96096091996813 -30.003474035914888 -8.312177558795941 14.141514805904116 -1.7423357867690608
-15.150085322393593 -29.649074159458497 -9.185862793942448 14.694631475237554 -2.7000055350243652
-15.836860784607552 -29.103158057532593 -8.28768958597191 13.752284557026519 -2.1931654769756013
-16.34085425847184 -28.995450515053733 -8.838332608614312 14.394379245091404 -1.5613553876674227
-16.3682351500294 -28.555202885977767 -8.925769367159516 13.403205059816626 -1.5577094358075747
-17.26534454144135 -29.537940895058526 -9.310496532837488 12.469083914650644 -2.4607616786017363
-17.131976444971155 -29.90992637726652 -10.086094954076593 13.127121995076253 -1.7834060744486937
-16.352566194722804 -30.90308585891022 -10.730176158387398 13.930025071282136 -1.8604175675886006
-15.647009764109654 -29.920285722684888 -11.639190030990786 13.790638997766086 -1.0233262062194597
-16.549082850248706 -30.253800672943516 -12.04121647866701 14.718965440956632 -1.2510800169394274
-17.327669129205177 -31.107534373701284 -11.350097113569758 15.718413694632629 -1.386515728456617
-16.470974960067075 -30.11164535736325 -10.92034221723534 16.682551492506178 -1.502176836394662
-17.428012442252502 -29.424014464913725 -10.572564455105853 17.554382321300693 -2.0931227540099804
-16.505721491266424 -29.93113413317611 -11.304563619239914 18.554331708619408 -3.0696612715695886
-16.563878180231193 -30.710822694140216 -10.323317839137774 18.594974284243346 -3.128172113315251
-17.51414533687401 -30.527202709286218 -9.374156313975494 18.60085814925916 -2.3090308381897637
-18.153434490355153 -29.83641979869028 -8.53579841544967 19.25733462355625 -2.995217214921705
-17.973734076200113 -28.911570722337316 -8.958554705640825 19.96692689385315 -3.9949521987729097
-17.024685975085127 -28.950064653042016 -9.844152232660193 20.447114784476078 -3.2526475214981003
-17.53859892261919 -27.955196656466654 -8.934058241932858 20.918356073212475 -4.246696574103239
-18.05267804754662 -28.788404474372523 -8.528903964674688 19.98117233435705 -4.743614898333028
-18.805575042488822 -29.118339705225523 -9.324052024138796 20.811221099740486 -5.450547647359871
-18.84576047416411 -29.691552870632105 -9.095959443459234 20.699522739760802 -6.407972695842863
-17.84779038321349 -29.444556843134766 -9.370956676501986 19.76379159949986 -6.1651812629448735
-17.22041934855289 -28.933877481781096 -10.22390250242056 19.019079729606283 -5.2163031143959016
-17.117586053977444 -29.8791491392668 -9.679665198065312 18.049043940014318 -4.556523353742571
-18.114441290301595 -28.881117155085963 -9.042523416788637 18.866136855950725 -3.918669468083583
-18.517493964646015 -27.954276580570635 -8.583445696887871 19.831776757281414 -4.639463567392122
-18.830724101137505 -28.644786262259494 -7.826972909886912 18.96086054725854 -5.370588898826908
-18.802725683649065 -29.573552985475395 -7.520921919317346 18.132156552874363 -4.446673633714087
-18.131840166364352 -30.285761158828645 -6.545440424412232 19.082793547025364 -4.7099466336638365
-17.3203832875277 -30.33751088030961 -7.543078222528165 18.53665539083847 -4.632821387275786
-18.249404198970012 -30.078773451872628 -7.969250920122623 17.689626046069144 -4.400778550825144
-18.36582443463201 -31.07207689303407 -8.099466298073663 17.97159026248678 -3.434236974617982
-18.334882252766278 -32.019317015626946 -8.65067155853664 17.073126033004705 -3.164414416816927
-19.170175659731907 -32.559349219949276 -9.543732756898008 17.84018459474052 -3.783529350735008
-19.95748914197235 -33.18743769252129 -9.676590443583951 17.212612470797502 -4.7290648450714015
-19.520917555065576 -34.118513703206105 -9.373301093651992 16.39140556133601 -4.640864525353704
-19.481270824201424 -33.30010809562788 -8.418237323101366 16.62672912993265 -5.3395905180838374
-20.432436475514148 -34.082128184264725 -8.93933779695058 15.882813234251552 -5.173902587733391
-20.154756660091373 -33.5682531180798 -9.185313756907878 15.909574944835752 -4.352007845204588
-19.395996301221878 -33.96013737855131 -10.179343485978224 15.593351445833664 -4.244661374056137
-19.01473584824216 -33.2751867790454 -10.36086012232264 16.1415056883338 -4.141542713419091
-19.04201609264778 -32.373178154530606 -10.384147770089877 15.201110706774303 -5.127714871024625
-18.508285993405853 -33.13387617566398 -9.701200940722153 14.201183167730953 -5.316901650459382
-17.71606381746413 -33.740749382572204 -10.350418856939127 15.113880769336818 -5.716174526342298
-17.13944072046564 -32.803644738691816 -11.339647275952604 16.085399631446197 -4.7348835863026775
-16.597550434238943 -33.60027523082286 -12.301618952499643 15.576351275392522 -3.8048055926909425
-17.11364614265569 -34.338742308221455 -11.70664874649352 15.22991665515135 -4.101888206826032
-18.0693442178159 -34.75341650399932 -12.66207883899862 14.800755224596573 -3.4314263504232865
-17.45665290761077 -35.69618800009614 -12.742685695916096 13.8377812860133 -3.2271539391017217
-16.58904244516152 -34.92793059867429 -12.054627038450748 14.08805295114223 -4.226652753157849
-16.479421644565615 -33.9319047787981 -12.671376772833291 13.541012392323228 -3.6246395340668585
-17.27761973393037 -34.8656846188924 -13.560868131203335 14.027902262989853 -3.1104898718485177
-18.223486971267146 -34.63714828939916 -13.706200595720132 13.043939901622673 -4.10258151085902
-19.128191440493055 -35.46559071921551 -12.870660093684934 13.952126419426175 -4.274535424366253
-18.143775554437287 -34.87804137551857 -13.744790708918416 14.554548323677317 -3.275898840038349
-17.20225373884208 -34.7755976421397 -13.257305708157705 13.602015426482486 -4.021027085648793
-16.66434981365972 -35.5458754820336 -13.246291111442163 12.603055560695065 -4.271231786724084
-16.781505918962374 -36.16138326192439 -14.220844165931098 11.705321403248357 -3.2712387176712814
-16.137156123078533 -36.50465205024363 -13.276884021737388 11.89903506049851 -2.706599796024552
-15.13716565047106 -35.54546212483763 -12.415314211775536 11.09281574673226 -1.8229002396686507
-14.178800883266641 -34.68865030841571 -11.933501080967666 11.408539207740192 -2.2412403160849683
-15.121460348026162 -34.677662561264256 -11.636344593983585 10.44832676513266 -3.077069182960105
-15.129670950243383 -34.31929489030611 -12.628018629958442 11.444731727397066 -3.759072502441062
-15.93423911603298 -33.79675466642244 -12.965825943168781 10.475905343345824 -3.434116315073356
-15.43620279596103 -33.2854535529741 -13.578361840576715 11.455372465980915 -3.7228910445872243
-15.074687063389986 -32.781036105706846 -13.212170109953705 12.440836723269122 -3.697319359041464
-16.048967379971998 -33.17610599108208 -14.169878733706849 11.56347260321695 -4.325319416794146
-17.04790636484611 -33.61448953403857 -13.4170080090449 11.346238518578865 -4.331561688230559
-18.04738426742217 -34.34751758421939 -12.443982935301884 12.097312919652547 -3.4704460516248643
-18.722166671560952 -34.36073515047959 -13.152561734979193 11.097591730536445 -4.354125563312341
-18.920041130821545 -33.40625763541148 -14.15134845520716 10.718215888639552 -5.26001387839353
-19.545647917852076 -32.41177861889564 -13.437379771677595 11.504260790250136 -5.223203457115547
-18.664959529291043 -33.3932542269233 -12.446013011290246 11.915500121022694 -5.571050215045612
-17.679860937642754 -32.97711680861509 -12.82293788570862 12.072384712094674 -6.323705997611157
-18.364563736758615 -33.44878146149266 -11.868907853393793 11.445698698705755 -5.8293519212012255
-18.319456123939304 -34.44815506856363 -10.9581782946264 10.61010606487699 -4.842044255990397
-19.315846982731376 -33.451812796383834 -10.768067348397901 11.405210963312522 -4.03573659363884
-19.737239382575837 -33.56769172791627 -11.740867765146055 10.697163243879828 -3.083249902031601
-19.022475270492272 -33.540272310083274 -11.59540301379059 9.712403801588477 -2.2464006644781027
-18.07760775621648 -34.315925098870586 -12.54518265288344 8.721497814695837 -2.2027302089729206
-18.35691190060633 -34.88687671661072 -11.754927993011398 8.608402059473498 -1.5814606803834588
-18.118131927538347 -35.462224713543684 -10.992097214569432 9.458120344383792 -0.5867588780853207
-19.026105305157206 -35.6817299085028 -10.22940217765338 9.900074412342986 -0.3138067939079288
-19.139656225607318 -35.1266264475358 -9.312912539564516 10.116351262131785 -0.9113477202784805
-19.78039418469846 -34.13374410941199 -8.893889764290574 9.654067176601309 -0.7754118323987351
-18.848569421927607 -33.716337081284706 -8.967229082789528 9.36477506519274 -0.010015973087660335
-19.847948417339126 -34.29538584626827 -9.66161057654289 9.078515079418645 -1.0083230749530263
-20.83279500433212 -33.44788550987743 -10.501369748475087 9.72374897647458 -0.04037794983976428
-20.13819139893536 -33.57087575174544 -10.781915756920455 9.48432506148663 -0.6108809085562951
-20.277193764779526 -34.54172544874611 -10.05023137014226 9.296909515804057 0.3889135236153143
-19.68907473433717 -34.5022900460416 -10.684919345146913 8.97802922868282 0.7598304220496673
-18.704380627230957 -35.396068000082884 -10.504959600622863 8.567997934500664 -0.10415852332486497
-19.45664495219031 -36.16814508073559 -10.400054130294068 9.399830982664012 0.5913216481459423
-19.660509156304645 -35.33418284437977 -10.474253497308297 9.899184946117323 -0.044093953590374046
-19.610567084113324 -34.35440676626254 -10.810921076283584 8.979369362200845 0.9370596846468175
-18.6112564313041 -34.67390094440958 -11.50698303875572 8.500040476726502 0.18413929389084482
-19.0577934792459 -35.18784791946674 -12.23263235529932 9.422980986611224 1.0617433484907313
-18.53135053090315 -34.56878016231263 -11.425929758370888 8.508937017233974 1.9963057413794925
-18.895444864696096 -34.95977043764069 -10.863506560037484 7.824972253026216 2.9345775741608917
-19.318967401074488 -35.01727207135575 -11.835914507884887 8.365276172525194 3.2608148402753443
-18.973484056384155 -34.37128528191458 -12.835245513206893 9.348000403710394 2.644861033136496
-17.98981711159748 -33.41520865978528 -12.223261246027663 8.551417766901377 3.284015392387802
-17.770261148411855 -33.45178097531505 -13.216908792759293 7.554187116631114 2.3445264045247955
-16.918284882467443 -33.47381385424671 -14.049593422344698 8.49313608175387 2.4167256557290884
-17.257741161934085 -32.820785032334605 -13.516427480284056 9.491854480548483 3.037114195241885
-16.759161257034254 -31.857567396906077 -13.069257969106507 9.141478154874203 3.892704440881315
-17.730654000997852 -30.878834700202543 -13.910224194256374 10.040762355379426 3.2076466223390554
-16.73165929178488 -30.163943157441015 -13.285218287921504 9.060029434061272 2.2296172150337883
-17.6199570362226 -30.408013280706292 -13.397145622514536 9.138859166233887 3.2265185211674576
-18.282357666196006 -30.354227996747692 -13.617940746087863 9.287624020355533 4.0209874332506015
-18.482701242017843 -30.840983783706164 -13.215836399958418 8.423410226624814 3.2416116405409623
-18.404440082826397 -31.0693458346867 -13.8038048414017 9.338685905786216 3.446709734999262
-19.212666116487 -30.971906513055504 -13.48867351143209 9.334406764390868 4.051462010848059
-20.206021322242943 -29.973820134786543 -14.352868139984801 10.19878963816606 3.170510947888433
-19.2252071303962 -29.010689254856185 -14.846454421998121 10.930963485408405 2.176083683139663
-18.868929433219694 -29.811387629158585 -15.242810854223414 11.555839490321853 3.01029340096538
-18.699249339416102 -30.014986610337633 -15.019805388016067 12.531364910619383 4.006137351758598
-18.471062291663973 -30.08829857760655 -14.32528919890275 11.929262505294835 4.519780494437445
-17.47107431153566 -30.941228097575557 -14.0889861484884 12.752676000589824 3.5333624451896695
-18.47103855289464 -30.762050274715506 -15.043098582153021 12.479923863415042 4.526295982631327
-18.24772762401243 -30.018406785121503 -15.767969592902997 12.794420658896422 4.399085166460525
-17.3394365078724 -29.03550293547314 -16.4435615568041 11.843463007285557 3.601318184504951
-18.323840401625084 -28.19123456104465 -16.355569589019527 12.81856598576552 2.6823140426811998
-17.751317112281214 -27.362832448401328 -16.912542744894882 12.664392883889109 3.0972292085733084
-16.77628208358318 -26.679194813662626 -17.376368551854295 13.639812839135693 2.6909068000207417
-17.60215745027483 -26.69909027122716 -17.78462578160729 13.46884421002233 2.0907370833068537
-16.626106969222494 -27.312464020234376 -17.358336868074154 12.605741453707342 1.8470145200290584
-17.496895940354484 -28.238908501795162 -18.35508744764577 11.826644629460326 1.5248745378379167
-18.467508192108482 -28.239569811187405 -17.93185895626658 12.653095936509608 0.6066927063807466
-19.071610608043056 -28.392095224741745 -18.758632569378968 11.66065752067267 0.7600795419874184
-19.27825508787219 -27.604766474316527 -18.10815751674816 10.797115994413401 -0.23411696328969844
-19.923947217795384 -27.146590088964125 -17.195391072372566 10.388536307281028 0.6844150094025426
-20.062789674537093 -27.569031744424947 -17.32769119809268 11.133434424350762 1.621022674976794
-19.100020931792127 -27.989179853364053 -18.01811470637417 11.94138231007079 1.9018084187906026
-18.10179696237645 -28.954420144906436 -18.96356859022093 12.78585064636345 2.145116252061623
-17.200438257930102 -28.71576897271839 -18.34826193393527 13.703276844501291 2.0566617190637158
-17.72104894063508 -28.269441126238704 -17.38148807590554 13.910865256973558 1.0722146765279477
-17.771955595273514 -28.136885601177546 -16.495575044151597 14.47275407004813 0.14684995832508785
-17.298402901127552 -28.8787973173746 -17.449099223328354 13.77830299523627 0.49739307580687797
-16.327603541720222 -29.299908877640537 -18.406411506103733 14.374491179272514 0.6870320232585531
-15.340561226099252 -28.984530169965446 -19.24214797167866 15.149394739035161 1.1936397351531562
-15.198070503168 -28.98301973893529 -18.326761222771083 14.412303514245197 2.166455018631842
-15.631350783376718 -29.908728233336003 -19.325460689860076 13.461732410557454 2.078567110119199
-14.738274414888076 -30.024642150132347 -19.13219066430315 12.462963728487368 2.289363580900361
-15.416554527352774 -29.96437259172944 -19.115487715647255 11.629119833740523 1.417206351590481
-14.636169407123724 -29.573900310262324 -20.1151266349879 10.651784553189374 0.4458780661454351
-15.44648888459637 -29.2444343241826 -21.110355702524473 11.470679325068012 -0.5499246146165672
-14.50737168166912 -29.191794873017308 -21.398778626093325 10.470838320082425 0.40339466879723573
-13.65669958959777 -28.245060493572534 -21.64651802230617 10.804207795188415 -0.4966776466216134
-13.213664587268463 -28.80982612688734 -20.66680888960325 11.542252397476897 -0.6522919374190324
-12.240127105866675 -29.209276826202245 -21.178964534280624 10.973836404169397 -0.14555199430952692
-12.405583535741252 -28.61169011621658 -20.18250559892847 11.503649282473067 0.12785668017299967
-11.69390086383138 -27.677881962026998 -21.127995869308183 12.26541906110618 -0.5550909286255931
-12.478224362083296 -28.665135308786326 -22.058797293800858 12.652316222966931 -0.21018080168135383
-12.280712631387326 -28.374095841273185 -21.392961605869324 11.690982477826662 0.34337438034985784
-12.890473973669462 -27.38333036615773 -22.34177032122601 11.689787587025291 0.4007075770664164
-12.071782448483862 -28.305687388053066 -22.95868729885392 11.481546079349764 1.2271640431193693
-11.621505535895217 -27.735905673814546 -22.696765382097528 12.16027938027617 2.109363677962354
-10.66858138691073 -27.612096220331413 -22.209014244327072 11.331465412354868 2.5763676039172005
-9.66972439538748 -26.750725084885314 -22.678881973377052 10.513400237473245 3.525937265859996
-8.73349696456667 -25.750961620681313 -23.187919959968422 9.910914862319792 2.975473198839929
-7.91518924873612 -24.7625948877748 -24.08923817052878 9.847068742431782 1.9792807543287791
-7.091801215708256 -25.55343018871778 -25.014758447891385 10.157056474162006 1.1187512778640407
-7.352166108139783 -25.2179704956924 -24.889869821871493 10.975436317271212 0.6742397398925062
-8.350600048589161 -25.003533275304743 -23.894573983678136 10.859811116839513 -0.0025068805675824146
-8.236820734336122 -25.470680195737618 -24.630631821666277 10.014323776751349 0.6872913060719725
-8.266999965301851 -25.209375573432176 -25.57666330428663 10.352227779682032 -0.3093320359201661
-7.2739072389954655 -26.0950381291074 -24.604382824967917 9.39539751802909 0.1590976538119196
-7.3013094471805875 -26.65360352171455 -23.990282876175016 9.766388084592451 -0.7860285485991918
-7.451759031035287 -27.117218282705085 -23.325760108828426 9.042184839246685 -0.5728590732646907
-6.928984640809146 -26.26048713846008 -24.100393618537023 9.395017566630932 -0.008691290754252234
-6.766574425362703 -25.289817456598946 -24.140011324901447 10.188799933497855 -0.3015084920503342
-6.219806868256438 -24.62757322764284 -24.75871194394079 10.477723576524342 0.594948105465857
-7.1678204027771 -24.757293160798238 -24.063638105260367 10.597664270377233 0.9505545618061673
-7.586951406036013 -25.40843505942353 -25.054656004744338 9.607010552022922 1.9493185447621257
-7.0548683287335185 -24.81023444397912 -25.989906722450343 8.607031237774226 1.717015737688096
-6.111293445079134 -24.113249442573316 -26.97403503511154 9.231137844385074 0.9032518423813705
-7.111222688042497 -24.778590312982438 -26.04455769403694 9.517926323560554 0.9953815015343173
-6.112589183992185 -25.044181729380146 -25.58069859923862 9.246347066184859 -0.004588822707979889
-5.113307697152091 -24.745557291520154 -25.22591412015366 9.938179656237812 0.5332149823395217
-4.700807632828488 -23.769834709200005 -26.221923213727877 10.937718578820112 0.02542244581814257
-3.738632390820086 -22.774804539956893 -26.05679525494267 11.31609835677309 0.48344514042024594
-3.0012974302623645 -21.842160464056807 -25.494921171195745 11.847485282382541 1.436941966383812
-2.42311669192416 -21.91095514172156 -25.848760987308644 12.143676534957585 2.42359533410923
-2.338964245046176 -22.887132202315538 -26.523114537000527 11.520388324242843 1.4293307911643836
-2.736788664449282 -21.900183553738657 -26.532416102816384 11.670378715456945 0.6056218431049658
-2.415222900269355 -20.926172381226262 -27.200742663278366 12.297856851874062 0.32531420410167045
-2.2889293012714154 -20.49240293657142 -27.97044303065841 11.332576536561538 1.128145802464599
-2.356443608515674 -21.490807531149727 -27.539009103202694 11.62893379791682 1.7253902428790209
-1.3564779432054643 -21.44905142169618 -27.39027142296172 10.672734426134099 0.7669793289037792
-1.9301667014059265 -20.5942516222277 -28.271074757705378 11.609531857547442 1.611955208508786
-2.4450495210323666 -19.60814450225451 -27.463554309586748 11.803217522648687 2.57745004046614
-1.5978925738949608 -18.706261757372822 -27.02716355640817 10.91228909372146 2.5585614112017487
-2.391998164303736 -17.89644622952998 -26.242937786334814 11.661212476919475 1.6138463997079011
-1.3958175030279292 -17.22798443709004 -25.34070561889588 10.772632150804245 1.1777086763268487
-1.1278331366101835 -18.095780997690472 -25.99859931681164 9.900525018309887 0.3084477756228188
-1.7448115861167939 -19.09315862175799 -26.092411515510005 10.890166207413081 -0.5142800945503763
-2.1017136164903127 -20.059404989281095 -27.079088377645636 11.615216226763115 -0.3978547838012509
-1.1045240833324472 -21.041952771038467 -27.978114036376457 11.555261933061338 -1.3906706228596404
-1.0398865191357816 -20.66046816852619 -27.45917900226256 12.529828220080123 -1.8714084214259732
-2.003069389146761 -19.666707739942026 -26.46615296870572 11.846448480108124 -2.602145308197013
-2.85430089312203 -20.495510254645417 -25.520633976282177 12.787036899260983 -1.7123272505038802
-2.1960893912300055 -21.26693334373814 -25.7449139887475 12.410304832476966 -2.693318299336535
-1.4624320806125182 -21.27379212843533 -24.923820891362404 11.410304854060929 -3.2415018740976986
-0.8960438691224889 -21.012377740204904 -25.232143525410407 10.663321521538258 -3.8245253356978797
-1.725688223835537 -20.8110267642524 -24.299097978529666 10.40158081698672 -4.815032317051147
-2.2931716975777934 -20.201347162058184 -24.60423977037755 10.497057812712029 -5.602079769939943
-1.865905395268193 -19.229431705510997 -24.66186678522315 10.172178522757987 -5.066948961320374
-2.6403808858658815 -18.54626657497216 -24.181833780077397 10.929500392690844 -6.012498244352204
-3.4040407678842737 -19.495654400026638 -24.91675885274382 11.064291856002795 -5.804646174755485
-2.5429007833001185 -20.483036615749725 -24.205250102483 10.454664648229484 -4.89665430504317
-3.215874135988262 -21.20578833703303 -25.20076620820698 10.094332263055456 -5.375659611146261
-3.8481801392358985 -21.13005303281141 -25.306800902844895 9.094345653090308 -6.283998280391364
-3.9658533763386514 -21.410899659484205 -24.38373389653326 8.124763541424432 -5.3131683255956075
-3.813200143535217 -22.18611746878984 -23.485694188387065 8.971738936047688 -6.119061735206589
-2.8300826127467307 -21.61235105106849 -23.4467801423322 8.958436251832438 -5.135556111078172
-1.8360390169565275 -21.055597874623036 -22.772550751840225 7.967875329386941 -5.6280942453973655
-1.7602432220084951 -20.156799074862512 -22.42378363800006 8.202202712628369 -5.64692904176458
-0.8800325961273788 -19.238276463835277 -21.547826870554537 7.75637207438117 -6.179759761830121
0.11986858497475628 -18.649105480461785 -20.64457785542283 7.465660765618554 -5.193758136351491
0.5842811415725885 -19.46801832016384 -20.327772936962056 8.112149461636362 -4.306194119476251
0.4428988196565753 -19.854166304221554 -20.133101179764097 7.300601266465598 -3.4120943704010567
-0.4658629506409442 -18.86151963331087 -20.580812906852312 7.623590178847339 -4.099556891548405
0.46359534176790185 -17.87865836065535 -21.537775274859627 6.638695197932166 -4.9214113488997615
-0.3112455293417704 -17.1304004950374 -20.682255239244338 6.332749083628835 -4.055111729559602
-1.1663781015919255 -17.939455807602034 -20.792010505145672 6.649766848859265 -3.3062963174727114
-1.0885044082031248 -17.796128862479954 -19.798034654628662 5.716826267335073 -4.154080554302208
-1.4177987777351568 -17.36669121934651 -18.975584017957114 5.991378199270671 -4.868811998473173
-2.415974357934716 -18.150242155861307 -18.206814892520146 6.388786134662311 -5.789758912950377
-2.0768450076375453 -19.122251751733906 -17.27246360922467 6.31612849232377 -5.073885760470833
-1.3992263631543307 -19.64853712936037 -17.963372879229457 6.579271579318595 -6.035019583980748
-2.257277016881985 -20.60398993898708 -16.996223702308566 7.531228955507699 -5.89894814383831
-1.506475319535968 -21.52073739020766 -17.21321175487784 8.1403986866151 -6.794705627443181
-1.8482206632573215 -20.96010904609913 -18.201876977585467 7.182144519952695 -6.775792161028145
-1.0868566159726227 -20.079218000911037 -19.201359569836058 8.18153581132456 -7.706099379568231
-1.910973767857807 -20.710358022093857 -18.506945532697472 8.798855298978806 -8.382346003189431
-2.896401321437982 -19.711337977547647 -17.87438071632833 7.9346166599561005 -8.565294117395483
-3.0054308514765022 -18.939022588575703 -18.77149854708157 8.734096606614822 -7.726188993173568
-3.6202851917513446 -17.974548563360198 -19.771430327768943 7.761049059833169 -6.898859159539162
-2.66766852543174 -18.682257670355845 -19.228978302023584 8.225220623885438 -6.190644587005242
-1.9300351899822135 -19.65724861862458 -19.166347917580833 7.7933613478277195 -5.260255754381404
-2.3929527578307015 -20.612064592754052 -18.244472377654258 7.0408059676097405 -4.973475457836578
-3.0867995129442987 -21.534310010907497 -18.701346399219904 7.568156901997036 -5.65270927065498
-2.5355891506951798 -22.209953000041605 -19.107337263149358 7.181903578151344 -4.703651353945482
-3.4744029095773357 -23.138680803600344 -18.920924442024408 7.644542944680421 -3.7230791814460886
-3.2940602599048985 -22.225677038576002 -18.677600158134165 8.122218774973147 -4.47125091376326
-4.290616109404407 -23.183321662367863 -18.372354677352842 7.66343928428797 -4.126139547863152
-5.123006423033911 -24.080007264278606 -19.33030124619468 7.728731745439181 -4.941995532713596
-5.207616221349311 -24.197552869052444 -20.27484708698306 7.162124615130868 -5.1100570650467745
-4.2709922354367595 -24.973930786929294 -20.68463275488785 6.783072178668554 -5.750763461907968
-4.125764300300136 -25.581245035777187 -20.895270367190818 5.8408754979933555 -6.673234625325779
-3.950917746735844 -26.34833444290582 -21.039309601464712 4.961761847240211 -6.740280375098701
-3.8145967414608255 -25.349688084711385 -20.279534098762714 5.872941892716662 -7.33480617605793
-2.99652652451067 -25.30483967992268 -20.725982338872402 6.499080230568479 -6.6526456712724436
-3.9309975336614333 -24.869903645878377 -21.312886638010156 5.499162399717544 -6.044737038705565
-3.289990359145543 -25.169314557383515 -21.49478471048529 6.3438841838842635 -5.6711153518327215
-2.8883165090867946 -26.016007453167298 -22.051295483651053 5.348700644895278 -6.375548533000148
-3.8522915694693545 -25.109393203877733 -22.73570777097692 4.567928850823251 -6.4779814975152865
-3.695322099340009 -24.114956022482577 -22.737671521885318 5.5643996125005275 -5.881383187904702
-2.737073668986038 -24.6281237479603 -22.140432310243302 5.973746471691422 -5.031875080765186
-3.416099166815412 -23.777682326046765 -23.06314933766867 6.606235656107305 -4.564871847017086
-3.5191382384353678 -23.016823156652904 -23.99475711202247 5.633188908954528 -3.7861315677728538
-4.04111530652162 -22.175728235736734 -24.21281062482973 6.448407847404836 -3.7453238133030236
-3.0509301325834484 -21.61770047360372 -24.67811232520737 7.175360208071174 -2.766146204782924
-3.8979769014575125 -21.202892638508395 -23.988490454375167 6.7415435911750645 -2.143155215461518
-3.1371538984398772 -20.62315319587536 -23.936530420858155 5.824397508249198 -1.3870371561301194
-3.670892762172788 -21.58100650032106 -24.25655484252846 5.189343072811611 -0.8334855401209205
-4.227853563800606 -20.85043196460041 -25.122430381943552 5.987725607735395 0.08439554442365971
-4.825837569299193 -21.079239994812152 -24.9646292076416 6.192677402982252 -0.6306818168695576
-4.124992142144332 -20.090916021000112 -25.300302171097464 6.740916168639161 -1.616817602762568
-3.7571178836099905 -19.974620166451647 -24.621535045808926 7.157040309123181 -1.4052445878683248
-4.541359498918069 -20.34899995915634 -25.588376203006867 8.144888362895577 -1.694829840517445
-4.994065436485539 -20.72783408979502 -26.522325136925275 8.359517001078874 -2.6807581895238455
-5.1603100660505605 -20.003249154599054 -25.864411824179808 7.651633033630281 -3.519423538125448
-5.618536554363421 -20.058439507856374 -25.010308161882442 8.476408581404325 -2.7738140273728127
-4.825835251049278 -19.431898909829478 -25.469501558578397 8.083606197628352 -2.970798925392516
-3.8307519109401214 -20.062565540083085 -24.494157913651353 7.237819090304612 -3.508597954967556
-4.827080720093588 -19.938191807488728 -24.04031679487726 6.335703762897751 -4.386448418466502
-4.114686553219146 -20.711683168406303 -24.327268384481776 6.163654080958656 -5.3227645416329485
-3.623876044876162 -21.345528733481792 -23.558631280483247 6.911254088380258 -5.89130336739474
-3.385982591302786 -22.218049016883423 -22.604911135806663 7.633729121954117 -6.303127579026478
-4.351738029664347 -22.74752032085118 -22.3726541592897 7.92349265454375 -5.308850639093586
-3.3682101186826636 -22.036145899237866 -21.422734501231183 6.975409587882213 -4.376565983701494
-2.401150118412776 -21.82420695362943 -20.820834865573417 7.305027526011135 -5.0332149246706175
-2.3774687522183924 -22.46304443823849 -21.160514433534452 6.6390901389505625 -4.116139614197312
-1.6568404362986957 -22.676160173358937 -20.762483419811566 7.6311974063682 -4.4876238949020895
-2.6132903996002153 -21.86671820329357 -21.15448677507382 7.189602796761407 -4.5228758331529555
-3.174848892302511 -22.862985317421913 -21.133059473926053 6.550799940310601 -5.390623952686996
-2.680570043988081 -21.874618990319032 -20.137316440498605 7.306257396336955 -5.728715712726566
-3.669392585143612 -21.782600343945987 -19.901108649713375 8.002928877250682 -4.8642515824223755
-2.6711762155247225 -20.93904023637883 -19.09544268495421 8.783956471374887 -4.127605617981452
-2.783767405092167 -21.413597023847476 -18.20563917153954 7.842104284540797 -4.79494813008279
-3.0014889761217747 -22.249554497296316 -18.18770888800988 6.937186661446188 -3.9604512721859786
-2.4209443826513617 -23.198313377427862 -17.82752131373699 5.937241066427514 -4.596685789619017
-1.736833087500418 -22.41829642599043 -17.204491889991687 4.978937624182123 -5.569228864565013
-1.468681882177811 -22.139005303046687 -17.286959059327863 4.176447945471455 -4.756659252475696
-0.551530972605624 -22.941067862446193 -18.231068517557958 5.164401142781659 -4.750624499976771
-0.8412443615866836 -22.563222629039103 -19.016734421296746 6.09403136923606 -4.296058073373756
-1.2657388290899747 -22.35497335276776 -19.53943859452348 6.393206482080311 -4.357837659533631
-1.952552075486024 -21.68316793917947 -19.083664472934466 5.518983861076373 -3.9598109007372844
-2.655793104462897 -22.680020231535803 -18.743255303181552 5.293233526437462 -4.785430863306839
-3.1390002969856274 -21.872650426630493 -19.56318076940233 5.322974147829839 -4.315948430757967
-2.749985400750809 -22.86080878291943 -19.658472945319627 6.123362305156209 -4.709135583564385
-3.0391926120809396 -23.41719821329956 -18.659781958777668 7.01008869325314 -4.578509617496548
-3.5715419251403366 -22.790237209107204 -17.98597304964437 6.115379290853425 -5.147348907636217
-3.6646125316624327 -23.788535060350647 -17.385351797936483 5.388447803517779 -4.455789522485072
-3.0941489555089343 -24.26990131604668 -18.228822704363704 4.494086740328552 -4.291952412675162
-4.076029300302693 -25.263201927613537 -19.0666868182926 5.02481883144326 -5.140871777940837
-5.056144599998726 -24.91035952145748 -19.51521614288263 4.381932496704006 -4.340648041990406
-4.612924792892505 -25.62658411256954 -18.67215655911967 5.237686768355937 -5.288620578390956
-4.6696193320960635 -24.63557738577507 -19.672088015699103 4.243502903750387 -6.169335766267588
-4.046183876201215 -25.620434604434124 -20.630882659918885 3.8348642314069132 -6.601261965466867
-4.773749091341533 -24.81200285044574 -21.141908771414325 3.3653817322066693 -7.408470701729351
-5.659957257633343 -25.369658511822056 -20.403425380158613 4.094403977861784 -6.492054516113851
-4.6600970223260685 -24.371052207831095 -19.499473552043902 4.580085435047406 -6.701083006731129
-4.14791055430323 -23.37118970630852 -20.035572337227368 5.054878474976916 -6.44564964899918
-4.2806358408494125 -24.333091610765397 -20.460061226001073 5.491296610973634 -7.442713874472174
-5.278190141486068 -23.561412225355678 -19.92186690157335 4.627408725328027 -8.402372181859624
-6.04930127969069 -23.08954920415766 -19.094853924349284 3.6766856523393936 -9.355463488548681
-6.910750292348016 -23.512904746923866 -18.202747504844748 4.669284570864912 -8.71359839938474
-7.843790207886771 -22.659404810115618 -18.028730803471888 5.026584223808786 -8.010844620904573
-8.089394581648298 -22.645046129094098 -17.860234708311992 5.293100693485155 -8.819601818537379
-7.098259576317594 -22.530899072973554 -18.0070290334398 4.449196152654528 -8.671224213537949
-7.184488495663884 -21.547001619635697 -17.43487485049507 4.5105699092926175 -8.426715188589979
-7.330566312671546 -21.31106297345801 -18.42989114887682 3.8493289279206193 -7.659608799127038
-7.131771186808814 -20.31221731103794 -19.427577550360013 3.8935381602154826 -8.333325227896816
-6.821961822899413 -20.863750124599957 -18.442633722728036 4.41103816302337 -8.022455799189109
-5.974326332376549 -20.95910259906873 -18.923895923736673 5.376405173957545 -8.888049327275075
-6.963055310082225 -21.29853013793797 -19.622708239795777 4.919303337831478 -8.418299369497204
-7.8496290457966715 -22.148936208234726 -19.697507372071584 5.7539575493229655 -8.041518035615104
-7.726782350868422 -23.05753193003695 -19.84771448423945 6.477087315675529 -7.1937784925281205
-6.747694709259653 -22.506253586034138 -20.816750409116 6.6368939311777995 -7.875943900447226
-5.7608866356641615 -23.369811411406666 -21.787974587272405 7.356038981342466 -8.775294987953124
-6.637241062736589 -23.47450437894857 -22.243962099013142 6.408387497615698 -9.161724483097627
-6.958189928070717 -24.229483185195196 -22.311066276111955 7.332230859639136 -9.874380326303866
-6.043955482500072 -23.68923625080837 -21.70062834312725 7.573307569719881 -8.973847272221285
-5.8634198201725924 -22.933864251410814 -22.424309859430288 7.540229043137534 -8.81548843155832
-4.949577464611488 -23.552272607134032 -22.885158404303006 7.306644116660905 -9.398614201854157
-5.793643179601268 -22.561307216004312 -23.36559085234345 7.284894908201653 -8.943949398859397
-5.991815880555991 -21.57375632158023 -23.203506782204368 6.85423144431746 -8.790003305697311
-5.654308957200115 -21.447511218250547 -23.089580386367665 7.166498168648944 -7.818025648615953
-5.420175625761994 -22.3552255257472 -23.236902543118664 8.08509747776499 -8.3292063348305
-5.48505379819406 -22.461588623147783 -23.854660627498486 7.085731007979021 -7.487109069213304
-5.3626189252311836 -22.22273893072097 -22.8852683900231 7.831322963399826 -6.982357406907359
-5.566104630407561 -23.048209785988217 -23.380507982252126 8.185651706138895 -7.432632876383937
-5.36806190052891 -22.850960483744387 -24.371299172476895 7.4948923378118515 -8.295990496623928
-5.701913591807443 -23.524480426656407 -25.370444323298514 7.5523882546076395 -8.491209179002501
-4.702662955981215 -24.399602161640967 -24.96426183146101 8.438773898882888 -9.488278494439784
-5.51438527471869 -24.120420749296528 -24.07239298809482 7.80887940225021 -10.443207443359398
-6.28190858197503 -23.648805898110638 -23.624808262735307 7.691023090672972 -9.463976431017931
-6.363088310744027 -22.82933482072126 -24.620079499188307 8.644533319048378 -8.936130167457158
-5.810261916198162 -21.990660707810704 -25.609716574907285 9.635276189975585 -8.23204079911907
-5.25031957615051 -22.921487404799446 -26.29067927879545 9.489169950039603 -9.169702177646254
-5.089927108126488 -22.9134031569395 -27.01461421956299 9.164002490666384 -9.162487883718347
-5.879822205907112 -23.559375209222818 -26.03829552602546 9.07063704138616 -9.047074947295767
-6.006260428281689 -22.560789057990746 -26.328045405104472 9.522066696597415 -10.04618049193764
-5.584477145603832 -23.422284847140535 -27.320722470720636 9.738430511180821 -11.044141194579357
-6.052701372731598 -24.03643768814911 -26.485768830848436 9.800519272870146 -10.880765727540204
-6.8434633807168055 -24.060882624316317 -27.437365162702463 9.939502729614858 -11.856310026467362
-7.375403037537012 -24.010950787470584 -27.62673684437817 10.595273196242246 -12.28410775703971
-7.679453210370888 -23.667594829200258 -26.64653347428192 10.132253281525808 -12.779524139089819
-8.397292691486179 -24.494245240222465 -27.222005653283784 9.399567773320609 -13.575544788489633
-8.461166737294386 -24.50014101869999 -27.550718505218683 9.425671268786491 -12.599150683510228
-9.063957360470534 -23.838941608911828 -27.996781723007526 10.150964586215034 -11.742761435298531
-9.087957980810403 -24.403435545241205 -27.661834255505706 10.190334376057555 -11.49161776956601
-8.295553050915048 -24.771410567626425 -27.18437174549928 9.821905432556377 -11.961322055773882
-7.336515949189236 -25.696447324058855 -27.32806611141581 8.871395074528404 -12.876723036177255
-7.018331899189213 -25.967422378819904 -27.24665695466652 8.27595400686748 -12.0740654547839
-6.466190736427372 -25.110385127590742 -27.90219465660641 7.307272830192075 -12.367119693195779
-5.632225662614035 -25.367928352983157 -28.75399808722878 6.629768709347613 -12.932150411362391
-6.301751934721515 -24.37347279215921 -27.98839473721442 7.301973345857468 -13.032180472856313
-7.156345624588459 -24.628335759917306 -26.99841642621213 8.108423274021124 -14.026162342187142
-7.914816565349101 -24.147761005457813 -27.736706572421323 7.69056825216836 -14.464910801457496
-8.399624686712162 -24.241739684544594 -27.541781738040854 8.574918685702668 -14.61212581537626
-8.444469031859224 -23.363594777823266 -28.517764702610105 8.05954904893521 -13.819182537289219
-8.239567223483789 -22.9462275453371 -28.593009379354065 7.0907751344639935 -12.998284783928623
-9.018439048510974 -22.522045376209743 -27.867243146193953 8.073979574259626 -13.050735289166067
-9.230813585605608 -22.36076567472576 -26.9468978123918 7.207573163788823 -13.658690788393958
-8.917262383155636 -21.619864551269064 -27.902314528640584 8.106101647650117 -13.376154046271086
-7.917264736579801 -20.647270230063057 -28.68709039006028 7.191432804599653 -12.653527292945597
-8.908174506489873 -21.63286509959057 -27.817922938166692 8.147135860262697 -12.068265462743328
-8.328361261436608 -22.35489023378016 -28.47563346722691 7.592503484322945 -11.122498024451886
-7.348582056337124 -23.339439929985044 -28.046106128937797 7.32473918823242 -10.14928737230838
-8.342055700170388 -22.701832846800382 -28.934918073460505 6.705040732060876 -10.161576674242397
-9.19758659605357 -23.0876518943317 -28.99117828916601 7.523395955911205 -9.241987550959012
-9.856849218969742 -22.386490881310063 -29.989554630552448 7.887557253321371 -9.552965702698156
-10.744327049620907 -21.775193747197157 -29.202272732848858 7.026033646149004 -9.592599379849489
-10.79528317975976 -21.923232504745396 -28.92179068334176 7.610567688027444 -10.066134667992792
-11.215113643633108 -22.806996678587588 -29.89198074667646 8.606237499150083 -10.514862858694535
-10.85574622093658 -23.064877732763374 -29.25358012663947 7.812039215168819 -11.488062171112718
-10.521526619520955 -24.057071574414266 -30.20264908814999 7.193840828801652 -11.283022915838535
-10.12068609192849 -24.383903347004846 -30.11551671036779 6.197968744469182 -11.794320766502917
-11.024138164856966 -25.370240999179583 -30.265499412205617 5.234384552449391 -11.39754374140994
-11.074454458960403 -24.398928912676507 -30.54874303862637 6.037245196148045 -10.599386799250347
-10.931875544765907 -24.748347219360845 -29.86640916392308 7.006971332976303 -10.647097593368693
-11.927056177430192 -25.22108944774253 -29.555702370890494 7.951112764615956 -11.616916041634429
-11.147072957627035 -24.9805390576485 -29.01934305318899 8.591480074395266 -12.614446978551454
-11.873539377093904 -24.79609463608675 -29.421378654032903 8.99259838447174 -13.06673084721092
-10.920284890748714 -24.360609795196428 -28.562109374837263 8.663222712750457 -12.708378714483866
-11.849507050625284 -25.309681035432018 -27.982007049375227 9.603233620989515 -12.926578871267392
-12.278762435432007 -25.510465872614468 -28.15754673408747 9.2237807901882 -12.42686049270543
-12.64450889843342 -26.504119363794565 -29.106489893697795 8.237867660681186 -12.532824879598946
-11.783949182247909 -26.598851764758162 -29.7883515462432 8.494232914962627 -12.807888901802414
-10.783977658164606 -27.023638876783284 -29.699787371253784 7.526658588506172 -13.71811566503138
-11.1704087322122 -27.412487644609747 -29.05683964222319 8.308463309972625 -13.837830937563314
-12.104369264739617 -28.41060339452017 -28.311578011487082 8.683171825157634 -14.6529690029609
-11.109068221812345 -27.55757205092818 -28.60736548398563 9.21306532604331 -14.240432333859056
-11.973416011407247 -27.734433567848047 -27.621543792647067 8.344963275290935 -15.238594041969588
-11.364613910065 -28.69084894995839 -27.148763436279097 7.772985797097931 -14.40032479820424
-12.35394492974319 -29.11514106003986 -27.95333866392267 7.180270617957004 -14.526460801915528
-11.731216995682434 -28.28054756208292 -28.730204836357803 6.3376586292992965 -13.571450302706898
-12.716809471528931 -29.098691949965517 -28.603506076443082 5.747218771789676 -14.128853974471818
-12.869867741381617 -28.098790663144335 -29.117951990006365 6.74509988591122 -13.185625358371892
-13.506995130548647 -27.245609297718914 -29.147164251724003 7.178130525758133 -13.189490740240933
-12.81048992159295 -27.592898062809404 -29.436336406900928 7.4366652790260375 -12.226990290869647
-13.407391211049852 -28.46323655346423 -30.03989003390155 7.366155318261947 -11.296133778960103
-13.783058245815672 -29.388519110122946 -30.869668569206645 7.827096502053003 -12.00647997076168
-12.8942466437154 -29.484280313666996 -31.703536800865205 7.94816822315789 -12.687149586448776
-11.895046303476251 -28.68422512129382 -31.042941289142085 8.132324285381914 -13.547765121804757
-12.202059358780714 -28.06674656438748 -30.207693593451744 7.249737859500066 -13.206420571220342
-12.118593053479426 -28.57934842883459 -29.21096407125187 6.703218330700387 -13.6707534860523
-12.938322533558628 -29.568745021929747 -28.706246498565793 7.092864812574772 -12.702927646370284
-13.690676839165976 -28.716110860707694 -29.697403626944695 6.720545094605409 -12.527376735232407
-13.319080420483928 -29.542636468025847 -29.875224228817288 7.6212833197883585 -12.920382042592246
-13.637815162970186 -29.90981899499025 -29.10233964389386 8.03703260402103 -12.126219332421353
-13.000019508294665 -30.025384238613693 -29.439969980306063 8.99169934169435 -13.117978842353915
-13.520839044061425 -29.0261994307543 -30.22209619881019 8.939080719077047 -13.008922587070586
-13.033961558683348 -28.0572722160826 -31.194792070240638 8.02792643136713 -13.848777546480832
-14.031706137993217 -28.58810486294024 -30.581439256653564 7.922374507847487 -14.59961920633343
-14.728261429803531 -29.093010162595576 -29.582660208527574 8.865325005298079 -13.954560655901448
-14.2375577496778 -28.48307530060766 -30.08139532918818 8.543110045876949 -13.123420171118727
-13.333314804403871 -29.41858924274209 -29.442985541922443 7.673089389790672 -14.00412751350952
-14.03796225064734 -30.249942728960917 -30.430488588696825 8.668221370707668 -15.00388234443608
-14.314284419275856 -29.3905029391712 -29.520474487657612 9.062253632078333 -14.820294551636785
-14.855886664786878 -30.180961319167892 -30.515668773193994 9.823478456627067 -14.379651110913825
-15.17892800639239 -29.88967556516687 -29.75566233096971 10.561995931031714 -14.002843934798994
-16.161545812706702 -29.004096615004286 -28.75611285722798 9.976048587285822 -13.351162388697752
-15.186259389299925 -28.03527978475172 -29.252017744494285 10.775179451582899 -12.708778896798576
-14.51587186660469 -27.372435742624305 -28.842604468070768 10.027331634671228 -13.669806773801469
-14.625311418979264 -26.38328567337112 -28.395072699558323 9.046610438034735 -13.45468471020208
-15.600047763625298 -27.373733484164802 -28.691902386499137 8.917070112152375 -14.240058464523052
-15.594806088918101 -26.868126921569605 -29.66338177154913 8.772815636313775 -13.787449282739487
-16.57644116543434 -27.8336011032239 -29.213019349274354 9.63965797563258 -13.764770243702591
-16.146316236257956 -27.08603392779874 -30.102965209619118 8.640403341743033 -12.892755552265863
-16.80974592160953 -27.848850231965393 -29.520956363738076 7.957506631039537 -12.944674171125584
-16.126494352096078 -27.48158030725398 -29.244854510085013 7.4863603023563 -12.377885705312554
-17.037942202485468 -28.330236713035298 -30.23251097852563 6.488297768200254 -11.407362346939726
-17.80864339120354 -29.330091344934424 -30.296598924139833 6.789764867839557 -11.952721722333665
-17.60292359441821 -29.414922182416394 -31.289940224235522 6.583063591968953 -11.920046102922319
-18.39871108572413 -30.160194144936312 -31.689853432017077 6.614759315418695 -12.293723736600898
-19.371059455285348 -29.254583083966246 -30.92205449624552 7.576897682219535 -11.858320950220804
-19.924251564791046 -30.186300745517915 -30.863282703738143 8.497639530387262 -10.861632578425377
-20.53110698141955 -29.254204417104926 -31.325129560643873 7.620497851312359 -11.715756777972134
-19.690100106273942 -29.466174934870352 -30.584898767132465 8.55605069176733 -11.093772743257245
-18.694284596804437 -28.745804077074503 -30.683939601023706 9.029064581811701 -10.927294388222728
-19.42915503061683 -29.626494577269334 -31.29907786629667 8.031484844231255 -11.372013572502064
-20.049428597246333 -30.528559962157136 -31.76917731760601 7.05847842937424 -10.375146320240644
-21.04649486191831 -30.387727876937458 -31.329158003311885 7.948784547884003 -11.3588875372726
-20.392125077589252 -29.937726289691373 -30.432169308154258 8.10687073324902 -12.090244210973918
-19.94823724057077 -29.013907289391355 -31.150111954190574 8.28129745834633 -12.810502638892356
-19.005376881427473 -29.980192196218784 -30.559491169362914 8.406000873593982 -13.798359234959202
-19.315084909019994 -29.669205191804252 -29.574235391215986 8.925364482236809 -12.809274239121027
-19.505843765734205 -29.96890199335033 -28.589367216415937 7.949228282604011 -11.841588677218946
-19.809302669897807 -30.927716347162622 -29.009690921112412 6.9524251820572065 -10.897838848077276
-19.11708710514305 -30.342495211010803 -28.094599826902225 6.122911749355871 -11.863848475954097
-20.06008634008798 -29.441834611178056 -28.758478408474563 6.4676738254204 -12.710572371072628
-20.99670404356619 -28.463774468467452 -28.075738562282297 7.322843271315851 -11.794453512117972
-21.234517100671184 -28.354930306861444 -27.11402652778121 7.297952086390171 -12.470944238863197
-20.288507206447726 -28.62854871590321 -26.452099154426758 6.960108460431337 -11.75816543621425
-19.350225242594423 -29.396425516676377 -26.518742042694367 6.042522654515746 -11.699047724998916
-19.654255069575292 -28.425318784845075 -25.602538758087118 5.44260347430214 -12.042249640604117
-18.741337457136854 -29.19489075214998 -25.8906238107087 6.421186742726487 -12.847746495277757
-17.939398160574772 -29.787704343845853 -26.793674716537733 5.900775377712262 -11.851059163595162
-17.82327719508729 -30.614451295815087 -27.54576620398295 5.559554946533352 -12.391332996278635
-17.026465047476428 -31.49541750528698 -28.12956798849662 4.591312616926342 -13.075337817581662
-17.438422366809323 -30.6085276261817 -28.02108232235825 4.008883221005608 -13.965199421199252
-17.81851580014049 -30.39423557747146 -27.12678475546199 4.649576664164725 -14.424665835952212
-17.27515646809111 -31.392831061794478 -26.128382397825213 5.369262653151897 -15.192415984407255
-17.893788987193346 -30.896509273511573 -27.12626938232115 6.260308911729774 -16.007041991745552
-17.182605691565396 -30.320601106747183 -28.078399928500726 5.315957088005678 -15.352053915506689
-17.456459335498362 -31.320593092290817 -28.636828964340534 6.235372687565112 -15.902773179042796
-16.481225918924864 -31.51579590400695 -28.307510887439857 5.262878647157473 -15.638104340659657
-15.641645264906304 -30.517369777254093 -28.17443656014593 4.492124848731599 -16.255074236701844
-15.784886119834647 -30.779247519065333 -29.084938222016945 4.9333960226794416 -17.067945501109953
-15.723665769319917 -31.762155363829653 -28.164624301811983 5.930069011699688 -17.570830170192597
-15.755542830777594 -32.69377752534868 -29.156752448216853 6.770073699016039 -17.698075885183684
-15.143046487352468 -32.87904505309963 -28.549375229406067 7.21858748017025 -17.43370419629839
-15.713026310870019 -32.34908272798964 -29.187336448434912 7.248554322203556 -17.3312791821393
-16.644655996784433 -31.349986477051257 -28.441399806474266 8.178255583392046 -17.30807610721399
-17.359429325579296 -32.30731235291407 -28.15289105696421 9.148206702050938 -16.889540832287203
-17.180397268043215 -33.213760261817136 -27.154614803986018 8.254059302699893 -17.65923308364799
-16.964499546080557 -33.07774799294345 -27.1302823698942 7.765866682141001 -16.66083007172651
-16.379842943981448 -32.262969550821715 -27.524866628926148 6.803993867193108 -17.105999060481057
-17.01067942115937 -31.31268923926917 -28.30969515960354 5.815916207329301 -17.08917646182807
-17.9408764259005 -31.516844790584628 -28.99150544456116 4.950637392191032 -18.075192079910586
-18.82962005943445 -32.514164788781315 -29.98724402694233 3.9616537833498424 -17.554734821534677
-18.581934653678736 -32.51107792251675 -30.840696549070714 3.176878508521769 -18.194718447922664
-19.20373071219589 -32.27665638882908 -31.304357382563335 3.012552523484993 -19.16941891828737
-20.20367874751799 -33.25349951188923 -31.95224301067448 3.894919455393638 -20.11178982458115
-20.650883225878722 -32.46353336178609 -32.43959503758076 2.969449509976531 -21.100983207358528
-21.63912403683683 -33.417332023467104 -33.429574583835 2.571065801172313 -22.01127549951082
-21.374310879831448 -32.41943378785217 -33.75186685473033 2.659908797256066 -21.020802424694683
-20.375390564042608 -33.418793899996906 -33.99506148155786 3.6576328455912264 -21.756879234703874
-21.110874519824034 -32.48220111360274 -33.094165549223156 3.1613901037171708 -20.773807758780453
-21.76092416517529 -32.71345060779127 -32.21431062910415 4.095610069855395 -21.363114883343254
-20.761147782361512 -31.91778426876726 -31.27248440090188 3.2958036908142003 -22.07270265462886
-20.540814497432493 -31.17435564916995 -30.66965057688356 2.8952030205849657 -21.80626789608901
-21.120848401655362 -30.265229142772636 -29.681108745414377 2.5872974901895587 -21.10101070335159
-21.784004333787276 -29.325839527742456 -30.630717795244585 1.8438103810701219 -20.98943411031366
-20.921101011602094 -30.033900974462174 -31.4889697223945 1.9665333990729108 -21.209408355007955
-21.901971389451766 -29.09939549637844 -30.580879298585543 1.325137936398391 -20.459837127403162
-21.864756707567018 -28.16510134444667 -30.159196664487325 2.206400812794458 -21.458403907843078
-22.83325241216226 -27.744529524162143 -29.496804396746267 2.7521887965850382 -20.45840481419578
-22.332004431277298 -28.72173239467222 -29.80327182720787 2.314825917659543 -20.370098154280722
-21.67081938407232 -27.722680249550837 -29.15854439260347 2.239564700340136 -21.369738463065115
-22.19627861345013 -26.766229749082594 -29.071334213191747 2.8674520532956427 -21.87997687110209
-22.469071108018454 -25.94171498627297 -29.18782626074469 2.6627247410661 -21.286972229112926
-22.926181093263143 -24.94450165161434 -29.57820609199042 2.993157319717722 -21.061523512409632
-23.917815076085805 -24.130465109052288 -29.302925798557272 2.0748930279373883 -21.175214028718745
-24.55024101474105 -23.506122681467183 -29.93422036451933 2.4716332524863187 -20.234938000411766
-24.70027357556946 -22.611278780396812 -29.136907258220305 3.452191508535493 -20.56775577248537
-23.765940824265343 -23.554807876063837 -30.135538760535034 4.107654655284736 -20.330746747856143
-22.775686996082573 -23.53341273078299 -31.00799052269074 4.049656877931237 -20.108968575579716
-23.747573464161977 -24.1478548590395 -30.80136382301368 4.487192365991561 -20.510660158814567
-22.91993140346039 -24.626857988336738 -30.040200228487613 3.596121764254854 -19.780794857980126
-23.513135922453053 -24.11091120863643 -29.164335883825025 3.03421496783949 -18.780827322952206
-23.884485420415423 -25.090989939016634 -28.223726421049218 3.4069944652079918 -18.441938013887462
-24.79386870986145 -24.158525637304066 -28.849894448107243 2.4502326817953195 -19.333563673510113
-24.11841426132465 -23.753290714242176 -28.303471525098683 3.177354945594209 -18.35373478695008
-24.646827025301597 -24.172651211777627 -27.65228546457976 2.2426238486056675 -18.015022424314115
-25.359401104427683 -23.213351519862336 -28.11228206859388 1.9872326259820567 -18.825309418632834
-25.492140374131516 -23.98583826242273 -29.03797805878707 1.2153462741542558 -19.61815666865418
-26.480042982317382 -24.741238204005924 -28.33492738672381 0.23795329578360602 -20.51028421888192
-25.789729171161394 -25.717543796019303 -27.80000859772711 0.29977057659466727 -19.610938358199096
-25.415149201126233 -24.823818449569075 -27.32408898827625 1.2164185823086229 -19.006302418692187
-26.056163348168518 -24.380393972079027 -27.55169346010857 2.0457802432026835 -18.62842518175896
-26.9812150897 -23.4198688604706 -26.641618766900635 1.7446049215558166 -17.63403475852403
-27.930372637931757 -22.7808904817886 -26.72005402094905 0.7663261434523245 -16.71574639659376
-27.390609673849834 -21.97989152117072 -27.374233900898723 1.7298994720266174 -15.883106061731658
-27.723036155616118 -21.22928441154467 -28.097751506376994 2.662119126894381 -15.013901309598646
-28.07544651822385 -20.80357615698867 -27.27690753396373 1.9073900373370933 -14.127183516062745
-27.85301237153559 -21.762981619696806 -28.15627005575089 1.2940569017462134 -13.18763265559645
-28.718063127400324 -21.073717266347632 -27.564023871252523 1.8970194944311476 -12.697002350619043
-29.4253674432222 -21.96199308801465 -28.26366417829144 2.059062695285463 -12.65127880369811
-28.738646110020156 -21.004511076681506 -28.78307699938709 1.3719281222020672 -13.64850488949863
-29.44239527353328 -21.757681027099693 -29.031121322771746 1.2943492742747482 -12.846750474872659
-28.56978948422168 -22.313636544433795 -29.23704503553556 1.1094481461722154 -11.858649408938208
-29.46157398306811 -23.31267138971756 -29.750294919841267 0.4664351851276396 -11.495869030980495
-30.214531893343054 -22.742219518732377 -29.311730208193826 0.6672487686216172 -12.384357933886129
-31.102589930858894 -21.774608818920655 -30.225344777320693 0.09833098409720609 -12.775798555965098
-31.22605233255165 -21.151011536723633 -29.734004601116187 0.9722225096503073 -11.91055784553008
-30.857270032853513 -21.638920973390146 -30.729630857946745 0.37721228192571865 -11.222131192166017
-30.187895880492803 -20.717238409838743 -31.251103678847073 1.1082087001969854 -10.394707815786267
-29.210455227333387 -21.708307574928963 -30.86215374645328 0.20411106430321824 -9.395268633765168
-30.16319245749045 -21.722971911980782 -31.626540391957356 0.8615270522792996 -9.865562400637454
-29.189682326267548 -22.240445558704184 -32.301126417878145 1.4629582586456304 -9.440900629916673
-29.53740386928453 -21.34027852024692 -31.983140226587125 2.005894922216898 -8.759666410043002
-30.526545367866415 -22.182244161694523 -31.41930931922186 1.5357578431823247 -9.688268302977441
-29.56029860235691 -23.182117786162618 -32.39687884431391 0.6577730476666095 -9.316413867050288
-30.304351248446856 -24.17915820790459 -33.28170605139007 1.433184989136723 -8.660607185580393
-30.202188038156695 -24.246961508035238 -34.09199634934015 2.3455245848677464 -9.641169527536194
-29.337053997104903 -23.36505885226496 -35.07051320197303 2.8260220560692364 -10.543659183298004
-30.33691014494256 -24.06127782471326 -34.377722061460716 2.685133858222598 -10.802059593043072
-29.80048952972329 -23.182259903620373 -34.926329496163625 3.6815113684620044 -9.802093490718358
-28.867440349974437 -22.43844880864229 -34.28467200410788 4.5470266610213885 -10.79177283899505
-28.276480545048596 -22.728979172566515 -34.03174027889417 4.094076600243197 -10.408814100850385
-27.72390409178185 -21.865839654245544 -33.24684741064557 4.886749465384825 -9.432725596838038
-28.484911701134173 -20.867986120499882 -33.65081242257544 4.820568660924944 -10.182575334315873
-28.076403697058097 -21.150109235528312 -34.242886676096575 5.716391156409215 -10.192298158210805
-27.082126260157267 -21.647237605234878 -34.94798493675168 5.108546755944858 -9.545157122331696
-26.943020073191974 -22.26933550912281 -33.9705012726597 6.082035001792559 -9.224228969514161
-25.964843316570335 -21.69712089218598 -33.83829837959408 7.0118058643130965 -8.456698739411626
-25.155919667008767 -22.685356370696553 -34.21474990435016 7.077202586017645 -8.037377077219517
-25.325109829605147 -21.903642100775286 -33.597730104270866 7.192577988695329 -8.430265276215096
-24.34892865913157 -20.93776027049684 -32.69641182004735 6.326438231953233 -7.69370676732285
-25.01695085870068 -20.657033492222144 -31.961431740800045 7.317154614066709 -8.360305367022562
-24.153004933419197 -21.21784538974955 -31.360331089449346 8.017185531511588 -9.322346889338268
-23.318377425489434 -21.408470822124393 -30.78753449296731 8.914052188423076 -9.666279766515743
-22.332373230565 -22.044960962662795 -31.53237591485862 8.362482651341711 -9.971703602145473
-23.273852677006776 -22.573701721232254 -31.293406034238256 8.799989052903092 -9.591377320670613
-24.091699125789965 -21.63253492136482 -31.3676738188536 9.11398417211451 -8.713506365177125
-23.866586044412742 -22.476854216067995 -30.61351294611206 9.00843352642019 -7.955293671577946
-24.718649102060365 -22.591460686467677 -30.536552006545882 9.756857089252726 -7.8617013037657255
-25.10130263529529 -22.529908036166788 -31.09853196031015 9.85689856067062 -8.854962457350116
-24.482024536721344 -23.196675186872845 -31.80224498165977 10.826731752078883 -9.849034704523254
-25.44694225690285 -22.215170795014558 -32.38639210543916 11.75957744089025 -10.826079393820152
-25.84255925504257 -23.14213524536649 -32.21773854120633 11.562770375386135 -9.82771027882925
-25.50436736623557 -23.718465508655125 -31.24010926928722 12.552817135734204 -10.29334879265626
-25.51407391670611 -24.48190026869587 -32.2207934164587 12.82379772633696 -10.813337199585275
-24.843454718573696 -25.221538675093786 -33.13167342227689 13.65924546411486 -11.610678491686725
-25.37781410642877 -25.151171009800077 -32.145544755486654 13.530897728539966 -12.363838966358038
-25.85150554150348 -24.151967227979235 -33.129778970105406 13.626348797057586 -13.354015089519505
-26.529838897415946 -23.41766570732837 -33.77226996285887 14.538070439173287 -14.351448197055173
-25.619485364085776 -23.05238433705632 -33.334223116450865 15.211261932094763 -13.58582054267479
-26.0422371413597 -22.895284232257755 -33.78966153158226 16.194572324783095 -14.57484127787758
-25.498218119837823 -22.982834620735836 -34.78941910322572 15.401704437855534 -14.464843939016218
-24.96313099285375 -23.672761045145105 -34.505413250659956 15.670322795526024 -15.417006799653937
-24.79292967085568 -24.415413607321323 -35.485586149443826 16.37936840419496 -14.982771481187557
-24.157250858222373 -23.69899876494306 -34.59244352965313 16.572979585312716 -15.712556794509677
-23.999341296851778 -24.23808776759644 -34.06574264279128 16.039771993701155 -15.086691249997303
-23.056989843004686 -23.543970743629405 -34.563284544868964 15.321520635978606 -14.08962115488446
-22.867831410120427 -23.80066679549288 -34.4902830850347 14.963406773838143 -13.12218082827711
-22.64278148196365 -23.06086009006729 -33.55070756474883 14.20399904500728 -14.075035197112838
-23.288986918834816 -22.06163913428769 -32.77310612802377 14.06714230341859 -13.921435577032947
-24.04566791919542 -22.724317099891998 -33.161630086001296 13.183051804638517 -13.110813392707302
-24.218866011770853 -22.004697421240923 -32.63226626695572 13.460883104440601 -12.120038069413411
-25.161278979568394 -22.953690783885296 -33.55935137269961 13.10995448476041 -11.200384877898195
-26.159191235705425 -21.95883719558225 -33.544163204641336 12.450322947530655 -10.599591193736824
-27.097197858414596 -21.945005725613342 -34.466776466392204 13.4439247135154 -9.781857203285245
-28.058035141254873 -20.95388794750888 -34.387253781911426 13.179214385808933 -8.827061125050543
-27.111600512879008 -20.792128462201248 -34.83805022101512 12.215346057887082 -7.927419435853549
-26.221567821879233 -21.397628598780276 -33.86212039203556 13.208001618201521 -7.694187474466203
-25.90433526065282 -20.46237371314595 -32.87128260121395 12.23927862365965 -7.521970984037236
-25.758392947602637 -21.385699396336666 -32.532663131640675 11.886919536091066 -6.573514519500628
-26.11012594286278 -20.422522672177674 -31.73105178773394 12.725007616131943 -6.857018104786139
-25.33660827981579 -20.941081643448783 -32.06129977169218 13.676782954984716 -7.658532382678189
-24.35223034641825 -19.943003182542082 -31.481981687241273 14.512844597892666 -6.742427464269189
-23.799764946185757 -20.53374605498218 -30.820665833500264 13.562023246607614 -6.052263467155674
-23.15718170810777 -19.578874869546482 -30.314381613560055 13.603180844906362 -5.291082284291388
-22.841723478820903 -20.324796376013964 -30.86610700262014 13.484759714605577 -4.952569217925548
-23.793993284935574 -19.61385155051483 -31.37980599782244 12.531505132826773 -4.9689146705545495
-23.056312607274737 -20.59027100592609 -31.771520519021877 11.708489326448229 -5.070518748429295
-23.75121649715335 -21.291464611747237 -31.22425312629848 12.2423098021043 -6.04977543296757
-23.023083183173938 -22.084155509612128 -32.17748007644229 13.04884495771069 -6.039295482209425
-23.07444872840343 -21.144741380628854 -32.096938695480915 12.235583830750116 -5.0569389908064375
-22.302599977436554 -21.470705722020387 -31.186804697040383 13.23154561700358 -4.061989932159802
-21.323219112266884 -21.664700304166416 -31.57048572602533 14.170277285559886 -5.025177555133236
-20.323864516754558 -21.449350890433145 -30.950227624191857 13.448854347623543 -4.352330591343131
-20.98300410430586 -20.46866513014866 -31.5744868349086 14.4213355656907 -5.349794027706022
-21.1136369472852 -20.57651099606648 -30.995709079257644 14.478081995286466 -6.01290657088581
-21.63450481131116 -19.58980738903007 -30.020133469919806 15.209875617259629 -6.330494647666157
-22.460446758424506 -18.697593154421085 -30.850263955739347 15.80758774539176 -5.396792435545441
-22.0058598217243 -19.694119181680755 -31.807137104605843 14.825477696970278 -4.436350720131004
-21.129436420148842 -20.415875503159885 -31.142061550691594 14.372693505500715 -3.576812968641335
-20.447029425002267 -19.62636959491797 -31.006060125086695 14.094553352879249 -4.572805140154211
-21.34619188724167 -20.5817300912881 -31.709912260291492 14.372335981746154 -3.6034904720581458
-22.239685549015714 -21.44029928587584 -32.27073249184878 15.372331795446463 -3.2601374212822107
-22.55890024958031 -22.15614969357982 -33.058973718059825 15.68308652627137 -3.594558225180968
-22.229212956325373 -21.194010695527886 -33.27601793161648 16.419007560021914 -3.399101627744232
-22.209879426998597 -22.169569801072218 -33.475195683398255 16.489430718731697 -2.401960835149009
-21.44441247795974 -21.959497361508173 -33.467753470601366 16.85237614255778 -2.163003848599336
-20.764941195550648 -21.662232578373885 -33.25573428304863 16.722709305798983 -1.5962673299287178
-21.672487339135923 -21.423437686475534 -32.74724529112531 17.68310232353554 -0.8422242594151976
-20.738002033851245 -22.421677841174564 -31.775458860662248 17.350321097673216 -1.3866301979335476
-20.603526965702994 -22.745564205119717 -31.346995837636296 16.37660656785309 -1.5437256000910757
-21.412441640543896 -23.15552391345913 -31.960235037899974 15.37870539439642 -1.1717760874306493
-22.011281704484656 -22.407392717723027 -32.01075737148009 14.705527837905663 -1.1315396285349484
-22.90498479424162 -23.36645647984476 -32.856744841758086 15.023909497775245 -0.3752238845444956
-23.792271322892365 -22.373731688786442 -33.326334717870736 14.034895981000059 0.37216908106843205
-23.76926671751822 -21.928238859364054 -32.3704005897661 13.192220708364554 0.8749302074322903
-23.670149014190674 -20.94430872471356 -31.790206237660385 13.91722394107954 0.13357553504482722
-23.942617231440774 -19.954243502672057 -31.707662752721102 14.80890453832974 -0.29465944031111263
-24.87128717903982 -18.958342858092283 -31.55005646152799 14.761208791197221 -0.5838079046077207
-24.30418908873008 -18.83188865730221 -32.483510408935274 14.10259885341652 -0.18700957848826721
-25.124125649534328 -19.629250923543715 -31.529491124111484 15.070832537605643 0.7547420700477605
-25.63075679205777 -19.498564518686855 -32.069007676190644 14.412408670818678 0.7370925236586435
-24.63632925202818 -20.467042932388726 -31.21020810942616 14.217310630188699 0.19276114897895358
-24.096081307654934 -20.241525792075354 -31.90976888080425 14.45429956052533 -0.08272216589295056
-24.076353993218625 -19.800729707876485 -32.86455511715014 14.545995034765072 -0.9048422232756651
-25.065857178191926 -20.7981427649444 -32.2347276118251 14.997704759476045 -1.8255246759232753
-24.45271074583442 -21.40876281151604 -32.697830261674696 14.038842747751765 -1.0516653375466387
-23.498569812906773 -21.88734976047812 -33.317413580634835 13.110278836676805 -1.9041212215431433
-23.916129340935537 -21.45902967075198 -34.168873051796226 12.677977155844696 -2.4931666779922415
-24.86210649152122 -21.97272505795707 -35.15849109663899 11.679816987156505 -1.7915046167043924
-24.58866774695956 -20.992470613750083 -35.387998180928484 11.452717166002646 -2.195168740041824
-23.684856003565844 -20.501904406500458 -35.495415328646935 12.069679551445416 -1.4655207342755379
-22.74243962582501 -20.548897848822627 -36.463837485140424 11.304284859376589 -2.419926085612356
-23.024824785255678 -19.73905126586931 -37.43645835874981 11.055950700087612 -1.5035152250054962
-22.126227367599384 -20.439559673918705 -36.73353823816294 11.83658147933524 -2.238702840554125
-21.209469785733912 -21.336951979335133 -36.70048655993219 12.166550575513888 -2.711365435380392
-21.70259985664761 -21.91101155525273 -37.61813268389179 12.107786532956048 -2.4719506118289467
-20.766106439927665 -21.11382878957462 -36.86881205859851 11.656023586144434 -2.4602239942341098
-19.79071793077547 -20.603079919992535 -35.8786569530763 12.0719170896971 -2.2148532464759505
-19.072631316742207 -21.580583508105427 -36.62536980139555 11.13263193135799 -1.4150400674588548
-18.344402290686045 -21.284310058051563 -36.06143350397263 11.519711859223566 -0.41542196016135036
-19.26051046700089 -20.71225586218961 -35.41754282595284 11.942181994086843 -1.0897116948437764
-20.2596073539932 -19.726063284314087 -34.60069552897758 12.695575916785105 -0.7329292022382703
-21.23462635371726 -20.72542873885884 -33.84361383056744 13.014833588275668 -1.5297673009326722
-20.287915166647437 -21.72315941500033 -33.53348576888646 12.0155475562177 -1.8975941123788347
-21.244786422678047 -22.58724735464007 -33.02126814561689 11.32441806230493 -2.6013791605782064
-20.693957288348404 -21.71325830295097 -33.9918194362095 11.773599897145962 -2.6345617885754025
-19.694433921278552 -21.126066467788885 -32.99192147977394 10.849380233242213 -2.817483396292704
-18.697480496662166 -22.07785958304679 -33.87464175311894 9.908118835891132 -3.0683155302564082
-17.697498632716467 -21.37777872057849 -33.05247730162635 10.053268183776161 -3.62204225952554
-18.660819904532655 -20.71118549553618 -33.17480644586262 9.424575392179593 -2.7865258735014495
-19.645001230441785 -20.840419508877584 -34.084045005487035 10.314679063008995 -3.73642547640434
-18.915439659690524 -19.88528072314677 -33.71444638919837 9.535367905026376 -4.690345141619089
-19.658915542329737 -19.230070971277108 -34.63985530739301 9.393496567714491 -5.645742569754297
-20.477915307153634 -18.984250655861416 -33.67097493404353 9.996735258588377 -5.978953849522789
-20.29720840672371 -19.179303662935972 -33.8201809281668 10.43265545237176 -5.30519162565977
-21.120749782445095 -18.692209721146494 -34.05035377606407 11.430829698560753 -4.384400878093763
-20.681773197612223 -18.370575822703206 -33.37826586559886 11.306797452115509 -5.278243130684679
-21.35278048394519 -19.359067292279764 -32.53686480259708 10.349644476995241 -6.273788390773612
-21.29394326476409 -18.849509798005645 -32.19567093905948 10.357993220754855 -6.80557925600143
-22.293519883272204 -19.59256748303489 -31.912496107866705 10.371736140996875 -6.739172510813344
-23.23798043034658 -19.18179235819209 -31.139997901414574 11.318881844503887 -7.721587940640581
-22.26253128207698 -20.163647467132524 -30.466828288085537 10.438426366428478 -8.145183934344162
-21.567884968976458 -20.597222994620054 -29.98984636493172 9.438627457942031 -8.97787288000796
-20.845385665661595 -21.585533373208136 -29.55092639320357 10.209546333246832 -8.089990998519296
-19.852868400541944 -22.062105792969835 -30.500278532327417 10.792670565551864 -7.685758344245547
-18.921129559865282 -22.601508837671094 -30.53729639264945 11.298824229135501 -7.400786737850559
-19.89701088381867 -23.601386242249035 -30.05179625841076 11.984295042556843 -7.712225924203912
-19.671812278503076 -22.827647445387324 -30.15596624904319 12.649120437926124 -8.02454210281732
-20.46958254998442 -22.227791619704803 -29.233948412410953 11.776030558706836 -8.27258676434651
-19.854719172777703 -22.604210536780517 -28.51703201786951 10.80777335394633 -8.265387779363536
-19.916982412793054 -23.521836839033146 -28.287937771493134 10.884624464553351 -8.77950252436333
-19.65308564236184 -23.143587148314086 -28.523981850162606 10.549325608333756 -8.522792584835695
-20.652589003754894 -23.1132736693929 -28.917860338693455 10.81960053749639 -9.520995606390438
-21.566431085574102 -22.5663348957632 -29.728042350897606 11.10009164995397 -8.842578475335436
-20.56796795482183 -21.566340125108027 -30.709986317071326 11.091624392332653 -9.080775504911639
-20.97504608312202 -21.118288274241685 -30.42314457798638 10.481492051049601 -8.551420817405809
-20.014321076924116 -20.232886475692084 -29.533408328761197 9.48160162666537 -8.37682660309748
-20.587571394060365 -20.2269236299135 -29.410203666487785 8.846644974806953 -8.452670736457293
-21.587107419490497 -19.249610774208 -29.202183658705273 9.397182936770974 -8.680402446355895
-22.075868190261538 -18.485356488720306 -30.101008481938848 10.265091266445765 -8.15484991338688
-21.3046389921106 -17.500339887927876 -29.461433913648186 10.79971030897545 -7.982633786614185
-21.142603070954017 -16.946666203832343 -30.33799694204353 11.71372372509766 -7.170555469417591
-20.24493522396883 -16.354191631332952 -30.898522264607724 11.607633826257118 -7.00964708390282
-21.07863174668962 -16.878518351729934 -31.895489298986266 12.537331240642903 -7.671730705077857
-21.397207544713915 -17.415674627962996 -32.89186446812681 13.317202275384757 -7.69698227426561
-22.32400076496496 -17.28283002423264 -31.89230247848732 13.923198301551295 -6.912627131792237
-23.08667082937565 -17.57805541896963 -30.959792817568193 14.245349681002601 -6.0027984338847755
-22.192214678416363 -18.49783881533668 -30.649483421857518 15.220098428567624 -6.635831489634062
-22.79603032050756 -17.49786180773581 -30.25359721703604 15.291788503974042 -7.295742729372504
-22.792305886677045 -16.517568988077347 -31.129583815671793 15.801023561610455 -7.565740398121428
-22.473278085316473 -16.609579613080946 -32.12399183040759 15.048032122408094 -6.5664944125835785
-23.286354432921907 -17.556961111672507 -31.139834012245245 15.231843368557158 -6.0879180962056685
-22.31413459184796 -17.593701008775238 -31.598587808471137 16.01534417070047 -6.051498538070219
-23.307099366048195 -18.180297278697957 -32.29727481254011 17.002084447596765 -6.627609141683033
-24.2043474617425 -17.88941893469019 -32.7430525157289 16.107712850127594 -7.383609678028103
-23.21009711320988 -18.739057492381693 -31.77736669059305 15.1305713702445 -8.378470914364277
-22.742516583963333 -19.34311888003374 -31.871822412104564 14.141620442849892 -7.463145667011805
-22.187397266650034 -18.366209188812828 -32.21195898415667 13.14784437739284 -8.427504201280627
-23.06484875268526 -17.68589580844208 -31.22550918398744 13.207475855291195 -7.512149750004646
-24.020862619450984 -16.818936860787407 -31.135737916773447 13.12609825212068 -8.222658675377073
-24.304622740930455 -16.214096090675238 -32.03974689754097 12.129209377774009 -8.100640469993408
-23.343056677822084 -16.447758492500622 -33.03824180277971 11.418946865441907 -9.100115652327347
-22.406024294502334 -17.020517389715472 -33.64625526605851 12.3957133428352 -8.422946480026944
-21.930425729236255 -17.494747579605875 -32.65301813583154 11.428695185875814 -8.1481461475162
-21.146188604683804 -16.599774043188148 -33.36077358979476 12.412904857871341 -9.147994282240745
-20.17746804205734 -17.36521360559722 -33.44058352668778 11.540703753196663 -10.144873702084674
-20.63228540564645 -17.1003363841617 -34.05554598791027 10.585279322829374 -11.107165725354657
-21.485664772563744 -16.100336421712974 -33.38325910087725 11.496139402282996 -10.169876053626261
-22.48353007644223 -16.81847986345585 -33.45057405556243 10.69468623908507 -9.26389906406619
-22.153836611486245 -17.12495139603345 -32.71807399898679 9.715345710500259 -9.749922886556709
-22.109342422555862 -16.42623030836094 -33.4198800345656 9.660798020029599 -8.77996368367618
-22.207880741421583 -16.24214063077081 -33.6410920337103 10.606221353221606 -8.572680832092015
-22.920045057230187 -15.544716189385204 -33.25335326543273 11.60514298159757 -7.914247558113308
-22.11544980356983 -14.879488980235047 -34.24860301106653 10.724333470401806 -8.854727953197886
-21.26984370524075 -15.630260532798873 -33.82770438243046 10.010433035842246 -8.372299444696514
-21.92267722433017 -16.433125846274713 -33.8372192784068 10.807849431470322 -7.684896963625643
-21.716869129293354 -16.278628218802183 -32.88709096353888 9.847878162417022 -7.908923076145366
-20.71921312453199 -17.268118024585267 -31.898771539758375 10.768940338357993 -7.1079507687906585
-20.45876822393974 -16.63444907839897 -31.255900667646404 11.740458485623437 -6.150924111467695
-19.458805530268474 -16.93517086941163 -30.381319603701737 12.590403261891543 -5.413291280678807
-19.597364149648282 -15.937311550720507 -29.702508594664067 13.590361799847306 -5.892863825295209
-19.59868275706567 -15.576157669509893 -28.72874994476844 14.587432696541432 -6.636448849766477
-18.615013637868582 -14.586422862005534 -28.643043986589337 15.209145955703372 -6.035557960640901
-17.694196226855862 -13.665345073394857 -29.64302171152012 15.26603688791184 -5.523371154033066
-17.928576095130257 -14.641528209614677 -30.5914940004924 14.465252980961624 -4.579229261173401
-18.78122027575172 -15.62801104905141 -31.052705149071627 15.322007791229245 -5.562469883667396
-19.781050565784575 -16.614275643752894 -30.746793038925983 15.111489029529865 -5.113971317624757
-20.7747713937312 -16.7385174724399 -31.331064544980233 15.07689648158665 -6.002422242605277
-21.1697649670465 -17.52529540662707 -30.88423445551518 14.693586278652603 -6.94844539363766
-20.457525286039047 -17.73624335424561 -31.75138105445347 13.724762022181094 -7.936133164975654
-19.483335155255183 -18.423880918619464 -30.889448520558627 14.70563205631627 -6.939534571135802
-20.44542504017975 -19.404518674629667 -29.930586957923314 14.849156932074422 -7.868363257037993
-19.89911118635644 -20.370255458909792 -30.274483407037337 13.852158202142371 -8.143283525127169
-19.006884443507968 -21.36598329365495 -29.911971854333714 14.16506705803586 -8.926632680136114
-18.07609898095254 -22.279839097346695 -29.305657887875 13.99204651273553 -9.706239987510482
-17.160578978721112 -21.723731737120296 -28.30572236974716 13.525166092040843 -10.049838854969927
-16.639840076939574 -21.822516574532987 -27.65186822483119 12.626253317410297 -10.009547165139885
-15.850704624765058 -21.0764459496912 -28.373727970192565 11.64681531840501 -9.0134335386537
-16.84732253385222 -20.175643304183815 -28.31040240815312 11.075659394483095 -8.115704065092915
-17.477549926607427 -20.889527797972807 -28.573507955232614 11.72294626071065 -9.101897575538594
-18.444568628151995 -19.910123105939736 -28.542685196173892 11.381888059503293 -8.257425429622092
-17.607763278862233 -20.7959143958934 -28.85963058311986 12.259991757277975 -8.674960478967051
-18.063629962303445 -20.12996545983132 -29.8325525403522 11.810183198120024 -8.32225665229275
-18.172456827923646 -20.730357063522806 -30.491911301512296 11.192406697794883 -8.611622948887321
-18.04568230651274 -20.94679456898886 -31.096606931508678 11.610374378496168 -8.79458509003044
-17.045872049679186 -21.841186078956074 -30.167440060629716 10.660288028594708 -7.812791309511487
-17.86592550681603 -20.856287686367256 -29.700920391129046 10.482928579033514 -7.086630819975662
-18.06382480635081 -21.293211954046168 -30.594295739134406 11.435387977598655 -6.72015033618808
-17.083672131689664 -20.779884050546517 -31.488270643764185 11.687940723776123 -7.45905600668652
-17.856401561359576 -21.457916553451707 -30.749113862525903 10.690259541318968 -8.234765662520262
-16.862509411581676 -20.607014816526934 -29.840575350748736 10.417520432697668 -7.549503825380437
-17.412895899294053 -19.72641535869878 -30.663194026687364 11.326952655219966 -8.54232529343098
-17.649566579071273 -19.608225877916443 -31.59942110140843 10.647229563866796 -9.435914343076313
-17.924776295472185 -18.905601278128668 -31.90909418886451 11.605244038177604 -10.43454512290698
-17.111954053695605 -19.88942631390797 -31.5247001107383 11.758023196335397 -10.263556177278566
-16.580180110882274 -20.859366888399038 -30.79618170821079 10.76904829151057 -10.143035828976062
-15.89770391028111 -21.85431847563365 -31.315899105036273 11.08411822917482 -9.268735015479944
-16.594212211612486 -22.52034623656721 -30.709586250301715 10.300017153034412 -8.379219864241726
-15.597728642952756 -22.491111915150213 -31.39829023247019 11.288575001031138 -7.745018157387148
-15.62641136754023 -22.116183960033762 -31.378147430441206 11.570672226109652 -6.80117344204979
-15.429550708206317 -21.72817479742714 -30.39566055607068 11.349272739133141 -6.051705931164363
-15.046904389263663 -22.677082007459322 -29.590024576686417 10.965431468090488 -6.815777275152997
-14.410488829867157 -21.686815260733987 -29.581748386683323 10.212399264135321 -6.973264947637514
-15.353426199520218 -22.390468498309232 -30.563177662925533 10.177861114036467 -6.323431116007055
-15.855038863290355 -21.580711121425594 -30.934946685450317 10.769732410248526 -5.324492042912607
-14.855587897535457 -21.654904862499663 -31.310181095873755 9.878458446377424 -4.656434015393335
-15.813496985174572 -22.098372391039447 -30.31521956784925 8.986138016755906 -4.7617574627856625
-15.647713706875598 -22.87301670679988 -30.630098335583433 8.73425384382364 -5.499658777290501
-15.412359778873427 -22.44458019404194 -31.563707905226522 8.15909110398513 -5.2540088535199585
-15.86210344808574 -23.37053904668758 -30.782827039508835 7.974473167928062 -4.270166633543177
-16.67186930457983 -24.19469667116921 -29.867167364798338 7.167851802655374 -3.648231798838589
-16.83038188188595 -24.861682747957943 -30.323875613989426 8.081851333787426 -2.835739518446738
-16.412564826472504 -24.020537575360727 -29.48492769009443 7.222521230535589 -2.101768442411077
-16.79020641154619 -23.831346072153636 -29.484339769278158 8.212971443828478 -1.2975158615751767
-17.131409574012192 -23.425267204579796 -29.8363831616574 7.920056976319354 -2.258317740535191
