-0.7521070946722548 -0.9831496419954264 0.787557364034834 -0.9994911113839808 -0.96407506334111
0.060321561224679465 -0.04904433616111825 0.10150261675756278 -1.0032241988693205 -0.5862746906813319
0.5924828981888794 0.29460964759574293 -0.863111261651955 -0.672782429458948 -0.6334226437176341
0.9670831692396198 0.43338448022196696 -0.4809217199823059 -1.666023574474964 0.14071592154441004
0.4339029754751398 1.3216232979904308 -1.4782711711141363 -1.3553990469321462 -0.10267525794074883
1.2759724506340548 0.54528820728165 -2.2008912642903873 -2.0911792809959926 -0.7687766418939875
1.930958547296619 0.38902117893443555 -2.504243914909858 -1.4034324516841727 0.19631355255141392
2.193557473816496 -0.3492853537397016 -2.8124798113070097 -1.7037819980358737 -0.3714647056145828
1.4196027237203752 -0.7861157486098249 -2.0371918949610555 -1.6415211484075174 0.6283056511418614
1.2148860624424795 -1.7068101392975052 -3.0063122206565183 -0.8814780349265021 1.2402009096587228
0.29121674939357456 -2.4213813582041515 -2.827478658521618 -0.7900558599252306 2.23974952562652
-0.32345319793868244 -2.096299831888085 -1.8467616612020739 -1.5210964279281836 1.685938140104558
0.5780516675011408 -1.145519912162503 -1.6625493439134336 -0.6606115776020227 2.6219982229994825
-0.25690872356398164 -0.25645436709286584 -1.8842518608988452 0.26198951383332914 1.9177757615616082
0.13848685588660692 -0.025361665568497865 -2.4291012506659064 -0.7371302476115814 0.9492246352831138
-0.861090667880191 -0.7748059487515934 -1.4301317995337786 -0.02838441252503432 0.09299943318432957
-1.6003666730112325 0.104153790270611 -1.2334533944608037 0.9196007878318571 1.0132363550424974
-2.5718663310887138 -0.8944668782074233 -0.23930481626477462 0.27496969099540003 0.4634310500744758
-3.431104546565507 -0.8357085067507962 -0.8409477029390511 -0.5186629816843362 1.2012947649119599
-2.522499303951982 0.1528071672672816 -0.566025780094545 -0.11141994442372272 1.1059839807986978
-1.6123227957655486 0.8626395076702956 0.3812692632384044 0.6565673108126855 1.3738538703009406
-2.2196336916613535 1.5481376578432942 -0.521632563757527 0.3971896608277473 2.1881415986405774
-3.013075655913098 0.5653437280876921 0.4695090855191182 1.2002842812667094 3.0814875776178505
-3.578173854928827 0.8396410348568659 1.3032075719260396 0.7371296150907081 3.8128949409510704
-3.981306142687674 1.5297480928042297 1.3406707353103973 1.3952413984129919 4.763637809991874
-4.596147625036128 2.1583028649976153 2.1534095677276968 1.1336601601083116 5.506803862541204
-5.586974343776346 1.224694266202316 2.6983369588568067 1.7410047013681218 4.954461910018992
-4.645703239039813 1.4718436987115529 3.5035688635347073 1.4081008648560571 5.36703029529488
-3.9170254008258385 1.4325031521065055 4.3260502035692125 1.4056177351445156 6.223317549759921
-3.0558473533651633 2.396211855639884 5.133766647178214 1.563108472046696 5.513565653150478
-2.9649251144919693 1.860942519305862 5.902972058171523 1.0904883098486602 6.427850834469726
-3.9644232288270196 1.1527921629315432 6.9026542860117415 0.1399912127604055 6.9250346605203585
-3.023977673141424 1.7803270531882225 7.271462432882627 -0.8581283231850778 6.266790605817098
-3.5058682658278753 1.9534606308543367 7.148932577601142 -0.13663260946676847 5.712024115256611
-2.519940888615361 1.2494365135206862 7.561638440363976 0.7566444268223538 4.830445550835986
-3.5172170364214645 1.9428587559687276 7.103190704828958 0.2761805890947921 3.853611252319177
-3.0252081103721316 2.868152690817203 7.243780371954267 1.1005185219094915 4.848512197357936
-3.8778762730056395 1.8693873157481948 7.22563880732974 2.0336111601687064 5.757361470737106
-4.567439694502023 2.86697466755571 6.776492579103187 2.605245612797539 5.981811802911973
-3.695101803681871 2.873397778535857 5.8250985207561845 2.3229461386629056 6.823428091488559
-4.661908688297532 3.64557487079356 5.5612698688425635 2.2627669930726553 6.855816475791653
-5.186881283106969 4.63219332092286 5.708742537284198 3.210146420570069 7.85564170767766
-5.718686627759008 3.847507759887028 4.839304757575288 3.003378564327117 8.557665592276441
-5.790605789760449 3.0084545176561392 5.068595348313188 3.9988349882178715 9.540992245239622
-6.576006706880209 2.0871764051772588 4.154504222259941 3.2457817137890497 10.47466745017274
-6.73402649635453 1.0941562619410683 3.243220239288617 3.9781064144829834 10.517178206665328
-7.711052478348939 1.9310572726852153 3.06545222401638 3.797093989473903 10.85814980990657
-7.616248750295213 1.7571868444431173 3.5168281385497497 4.795264561633376 11.785986349474724
-7.060136593507531 1.3747399321965563 3.216863702839217 5.309461399266027 11.439741664078115
-7.51975462512647 1.3653730466136744 3.8744771671182994 4.985863064484888 10.612405737819
-7.7468995638865 1.014234020887987 4.525820662923982 4.450104081310263 11.134260626272717
-7.6378505189522015 1.1315095028595723 4.822709948421112 3.4803117637939183 11.035150794893848
-8.636979433599851 0.17380026360536527 4.565129840212744 4.36811142476307 11.383944174872386
-7.639345128788541 -0.34581833125402617 4.954474519695605 3.4246338190304986 10.473418566395829
-8.052050516427313 -1.1717373228025187 5.8333142786576655 4.4107346495146444 10.672872853878063
-8.853157235153482 -1.4843702318375342 5.020780251603934 5.376852247584745 10.069598672579726
-7.922578322659538 -0.5022545064933921 5.809760422902223 4.396471951012579 9.7410937580289
-7.1266875263448775 -0.17510610875116683 4.813593276541769 3.8272190846561176 9.338776530597203
-6.980284637791271 0.6101053597494114 4.88905291521551 4.174110169809601 8.342884906608557
-6.330418388627256 1.6036379291703309 4.1696945976747655 3.7119183951802546 9.332286762410488
-6.3024724341661855 1.8997916866438729 4.592308764226948 4.0577215182459065 9.747217628964243
-6.894710860316427 2.8024460034071885 5.592104657493032 3.2717966388595743 8.826486268032312
-7.156870042466941 1.9059833585374664 6.454467675974137 2.5639973219818257 8.824889843932882
-7.784611725398861 1.2014103906505644 7.157502684833305 1.5682416523250464 7.971651521377944
-8.020571632770796 0.3173354462383471 6.224393409386855 1.8241578844238941 8.066514662108485
-7.0206172208813955 -0.6445281374128233 6.6506982783183295 2.739671233898128 9.048484514165445
-7.05603815387208 0.3199441966133887 7.402830338277321 1.9649853813897868 9.625647118902526
-8.054826482129213 -0.680054176819161 6.415557008863818 2.655831070097096 9.389014623916978
-7.377812786076169 -1.619447131499727 5.478466248920449 1.9880559703814042 8.473818658783753
-7.593466128506658 -1.843665576154697 4.519963103748105 1.178589715516233 8.453943190471513
-7.076356172227984 -2.617834653722893 3.657801545796536 0.17860354059187766 7.51824732862377
-7.9823847951024725 -3.108614023523468 4.605171341422692 -0.6697159643279058 7.04377124880131
-8.54189713290048 -2.1184779078705005 4.8976849850775235 -0.6604637509509222 7.9446128264108
-8.180622551014336 -1.9987401387756112 3.8991462525145737 -0.5482745619655718 8.928803758280084
-7.201987681925061 -1.0609398109258035 4.774102660828088 -1.0438886623421526 7.931239080714063
-6.374648068332366 -1.875848792910222 3.8441424820892935 -1.7609394184618838 6.939159379821913
-6.816203330570065 -2.3293128128503704 4.605718326488823 -1.2315431205459164 7.9021560774434025
-6.489036412015557 -1.3850028752357177 5.173634038506301 -1.664630713516868 6.935409409356293
-5.554162533109021 -0.6054262061826065 6.037750054734996 -2.1743847614625778 6.442079483805386
-5.230466425356334 0.13622885835583787 5.48406013148034 -1.898718989229307 5.442207393254691
-4.959814389990289 0.8333585537784075 4.830571250699697 -2.616640230940577 5.261350656459295
-4.23230881999268 0.19210363990415535 5.634401768962029 -1.7603007844429106 6.260811535773184
-5.192113200579602 -0.8065037629930236 6.431060648645021 -0.9811815811320627 7.2393054232488385
-5.935727171936481 0.1762790513564464 7.1048119281140405 -0.4005071408802492 7.096541989761568
-5.909699158286835 0.5916607475818094 7.438111754048734 -0.6231577696964223 7.9375106399272015
-5.0127583096913355 1.4822934247389707 6.9059630349661925 -0.04321759985012763 7.035904356306554
-4.610522795335326 2.1771078498456906 6.108656068219223 -1.0351849764986487 8.035177429926168
-5.609293205126037 2.0199815467512514 5.453458282701653 -0.6566139193416047 8.703498903885757
-5.9141221404589475 1.0224081180331543 4.812183767712967 0.28895751544764703 7.7291821745903295
-6.913768032365116 0.44666388122082246 3.924456815354425 0.39299693472743125 7.272531952936281
-6.192838262100769 0.3826369795563412 3.5906545495622164 0.8731193751489488 7.531516145176691
-6.694566643741499 1.259855382079375 3.3203886239945897 1.7910928902500718 7.244063046911629
-7.322170841148429 1.1114917492572927 2.9857219178740655 2.0397842625754894 7.877042287753938
-7.323290174676782 2.105448359273706 3.8139611460769247 2.0800126122659 8.87542690379182
-8.300826116225608 1.1071849535193117 2.875154403442404 1.2285582461965618 9.861650698972438
-9.06139826075198 1.1176308736510179 3.2354963848377922 0.2371994613708749 10.817680583860461
-9.570575621018012 0.414675853211413 2.456284584925623 0.6416058625715586 9.81795303817933
-10.011236596156218 1.3478509885896555 1.50734371645943 0.024236333377942176 9.307630785141964
-9.17942567315158 2.267076803935233 1.4570360052301272 -0.5884118743323948 9.654620869580745
-9.481142797375906 1.762858777074809 2.100135718401666 -0.16629106634945207 8.659370954323906
-10.471011927093597 0.7939092724741309 2.102049119360992 -1.0940609392439749 8.562384226017683
-11.310044530349321 1.779072150159919 3.092630065830904 -1.5982287306346485 8.004586539061378
-10.505862144612546 1.985823973313518 3.663540279721826 -2.1304132035126435 8.98034451337664
-10.492857733567046 1.7574723627742797 4.5894515168102314 -2.6308529065700244 9.671785917185549
-9.721013406153997 2.4964395695288193 4.163555262515276 -3.3736830748294118 10.559996537275213
-9.17059861916679 2.918660599842924 4.414214802901906 -4.008541286073322 9.618669983753701
-8.988600406316102 1.9458415100975377 5.214221654937661 -4.3648971338895 9.087435168594563
-8.060337385312355 2.929765630678239 4.383189602744576 -5.223600962308473 9.193521097672184
-7.996016496047434 2.0824854766134333 4.9334517874805695 -5.249300272681061 8.827061147744484
-8.509253038629746 1.9574092580677551 4.1879047005489936 -5.985879376906912 8.024495990025544
-8.420648605724557 1.1251260240260779 4.0204327054131745 -6.5179773697092855 8.29244012247359
-7.881220085273834 0.9797380481278776 5.020432514302325 -7.48445986884411 9.270914212098567
-7.305096067476588 0.08129759272456916 5.992694939049649 -7.816775012983271 9.817132647208483
-7.485188185888802 -0.6650637327955842 6.771903087752334 -8.612700940298069 9.357964371955152
-7.100521070628724 -1.3226158981922502 5.801164213436761 -8.050693673066856 10.33477093050999
-7.855247614690793 -2.0926239861450364 6.078295240651661 -9.036117391041879 11.334212011259421
-8.514244358671986 -1.9891342366996754 5.0813428986662155 -8.621133341808669 12.301488816717638
-9.310628133889889 -2.6795463851307377 6.078944218862891 -8.123344456015046 13.04970285641624
-9.021197255606012 -2.4185567022719585 6.817529091477933 -9.057955979560289 12.139021948354793
-9.259356853137305 -1.4270069581416185 6.644134168746185 -9.923694779192443 11.463004625572779
-8.265748935508933 -0.9536556001269201 7.002142766663794 -10.685778291408601 11.858129485890501
-7.3018352582212875 -0.8785151044797281 7.9669358678889965 -10.041366432321446 12.367729655502936
-7.660104714202536 -1.5502924927757507 6.975171015779052 -11.037942401862457 11.752476217169082
-7.066502028796431 -0.5698266219275583 6.847027317778598 -11.9196916758454 12.566558529100583
-7.510364383555597 -0.23580343688655114 5.8650620121378925 -12.196242863989518 13.199781831023092
-6.518671507361259 0.732385499350743 6.794499434686982 -13.19334829550701 12.202785534518231
-5.563980599147829 1.6157147725813379 7.0709776813391345 -14.117845612583032 12.183157631715979
-5.355223741262644 2.175701394262106 8.062827524123637 -14.570719322612044 13.158599383704734
-6.354244496216851 3.173303228589632 7.16326302761099 -13.823081016395347 13.061435879404334
-7.336534290439275 2.21901946198862 6.182309100017175 -14.764277735972032 12.423196793064866
-8.332797083240555 1.2251282330359696 5.392950909712609 -14.378970656199979 11.471163176435967
-8.056049456513263 1.7364610073737583 5.917968502780686 -14.358735889994717 12.464221926169904
-7.1842068475149725 1.430131999134939 6.241412852163665 -15.35355775081269 13.200021609545978
-6.768067921169624 1.4684289420420193 5.870666214582133 -14.904643194309942 13.812817885023719
-6.938638208195633 2.250669198815449 6.638515268649842 -14.975979969191538 13.327456930158784
-7.937749208697265 2.7131935477327422 6.383373177875901 -15.186239121206821 12.42175375098163
-8.653476702761377 2.1700668674706733 6.420133740041026 -15.59346373778348 12.966270474395094
-9.335695726291664 3.051711984212462 6.054719697271169 -16.462664256856744 11.978344153712392
-9.563607154737532 4.034558206200113 5.870699668366052 -17.207825066166325 11.464331898482712
-8.685058298607707 4.895969380136967 6.64544179626367 -16.577782439267885 11.990108343181472
-8.952784201782288 5.401740599100556 7.606667646232138 -15.737684966755928 12.952048588612929
-7.954848245506724 6.302358464440365 7.461175407851593 -16.232642748593957 11.95750345808633
-8.365203137842686 6.804301799130256 7.423104397874664 -17.232480501538692 11.26691442518682
-8.027167733036292 6.10698078256173 7.280076756498375 -16.546021349541995 11.421850511459628
-7.62541176959924 6.8515228150722685 6.307325504785134 -17.302162603341916 12.373754088337014
-8.060766569804859 7.062731522051007 6.283671015086804 -17.027927054773212 11.957104093602135
-8.55575743309701 7.9523962848966665 6.25361523921873 -16.0878893920924 12.719741515982964
-7.930011444237772 8.301657938467205 7.0044437956014125 -16.32455914974371 11.725294293297756
-8.917678271853049 9.299479577996623 6.680357122525144 -16.157365564836244 11.067581188798213
-9.089298934779116 9.027078727781078 6.502738613727231 -15.8724077524544 10.384394520301985
-8.394536249147174 9.267616041724942 6.782974480095167 -16.85681733505714 11.384363059124757
-9.300255433634309 8.26762864670067 6.104463707341781 -17.58311201584072 12.033792531266418
-8.479447255186194 7.7581137521315915 6.095634598419036 -17.071730523252235 13.031870991119
-9.332528586630229 8.330729082561657 5.3082128905078 -17.156930241834292 12.830515533298296
-10.052957496969242 7.81195920682984 5.545986830590968 -16.160720893503058 13.183839390016614
-9.680358941553868 8.584979116807245 4.81654164559719 -17.093076004694847 14.179685290765498
-9.740893317994272 8.306318988063259 5.769211912752772 -16.283563005387965 13.19990900918982
-9.88650449402507 8.749308945987169 4.992157148994629 -16.033912266279415 13.46045028496523
-8.976429126265282 8.860671608102052 4.28302334423525 -16.10084626279696 12.461056329177714
-9.17282805170814 9.416556199048786 4.16407885872288 -16.80207920128221 13.458941456959645
-8.400679786967245 9.83152219954699 5.143466915044018 -17.557949624128888 13.658372966620687
-8.223166918805564 10.4808057884324 6.03357704134761 -18.358985299999066 12.662577659733744
-8.639561089238589 10.038773887387267 6.565849375654446 -18.618005275231244 12.480707551872893
-9.567304511873207 9.2246006315928 7.332827089350321 -17.618024689790108 13.04312635639403
-10.564056182093625 10.213965865243772 6.357388496627099 -18.231497141705212 14.04309166192601
-11.532934685761589 9.232335803861998 6.326168726108544 -18.49499769148014 14.968399844652366
-11.033600411814506 8.78851877415996 7.1826484788663985 -17.60600901653258 14.60876982519028
-10.594425875185495 9.241384462319912 7.826271359513801 -16.647616813100043 15.029676289885288
-11.456523216880793 9.809769855962603 7.846840334728782 -17.00894840726032 14.631934183975632
-10.722243279882978 8.833919533180968 8.193720616189236 -17.024738285331807 13.84170647868791
-11.501231224260039 8.216413833097342 7.258585921852536 -16.521273642847103 13.578606985140928
-12.440737784159486 7.714410940652663 8.192511909311865 -16.028630328634364 14.578121170273565
-11.456429747509985 6.736264592035933 7.664931065246517 -15.164488161552907 13.87458685955433
-11.13424144925385 5.991716305995444 8.457682798972836 -14.717891003801292 14.872405427817235
-10.236247050341525 5.033333674601033 7.925488465814872 -13.745944641747384 15.823022478107092
-10.77475099170804 5.541287819856371 8.234684094271103 -12.936240600274813 15.853341574087398
-10.819623901214946 5.699759415311966 7.471518294435787 -12.025386481514316 15.97613430574114
-11.731548139968066 6.694478803216124 8.319327692220387 -12.871414781496926 15.021881029488169
-12.348773253488549 5.924604454813528 9.300041011378148 -12.481700809139635 15.063180860366703
-11.351111533631073 5.98873621354652 8.488594002571796 -13.435472415224062 14.068280163104962
-11.886307199842278 6.505415443319302 8.968649612150738 -12.480709938242823 15.06805108405462
-12.096352409825478 6.106148997018051 9.844546525306281 -11.882925479269913 14.964903558407833
-12.511289524640793 5.523362291982201 10.487857984071297 -10.884123745425704 15.374563996365438
-12.299631087070892 6.394124979606245 11.098138767988655 -9.884172371683697 15.435232839922689
-13.191574328135683 7.290890865916422 10.273414432440505 -10.883997722469799 15.341816673648593
-14.036376333504478 6.842640379516799 11.196804765160635 -9.884919298272939 15.20196383574884
-13.04542802060469 5.842708683172539 10.214193418494444 -9.856443485056035 16.17043428989795
-12.626519141039918 5.488927574891157 9.294357329133462 -9.025207416397532 16.861287976170296
-13.540732285493613 5.991411754311944 8.452789747569653 -8.512440794969226 17.799867844385766
-14.527366355845343 5.161908026390077 8.265861995947231 -8.161268695848618 16.922264232614538
-13.601094545635192 6.08113897509772 7.417373634418095 -8.588456625736459 16.017625062800796
-13.43739402691355 5.434405873046234 8.310968725970204 -8.460994597394738 16.333794558381282
-12.913502338980505 4.457888371923087 7.3795135070002065 -7.699231622122955 15.370097087860344
-12.592826479071848 4.454942463434917 8.377954786229628 -6.699815872506355 14.645338129351934
-11.613529030760267 3.669865658486957 7.848922255671199 -5.702105273316983 13.822587677339715
-12.601669027190828 3.914607167986265 8.197062843040326 -4.708807118326939 13.981301961608667
-12.385867244423885 4.124516149090607 8.616897502144207 -3.8343250945960756 13.407719049904188
-12.457681433460674 4.994035214672856 8.832037341996042 -4.672124623621696 14.244545766706947
-13.40678388562545 4.4704327168920726 7.855284558058938 -3.77700265363809 14.742186650137551
-13.996096617430112 5.223803833887703 8.306403744531138 -3.0943735947860374 14.945619782309876
-14.16992328165929 5.525073024078965 7.413446986201827 -3.6701117659189446 14.529785688193634
-14.479739123485306 6.510134214771753 7.057593976659013 -4.225385476890719 15.409542448647178
-15.407662369516494 5.550105839261724 6.99556368925504 -5.146802441385824 14.410676943163836
-16.103216248682187 6.541421005962211 6.019639074887171 -6.077442348996426 15.405129492200654
-15.826913043161788 5.788866360850365 6.252614568533182 -5.447912938935772 15.567176876662462
-14.833067409024036 4.918060276342331 5.711429452254908 -6.446342657211009 16.375411666800332
-14.46190926850409 5.730251398373312 6.244628019599631 -7.380941858245958 16.672510296174984
-15.120670906530734 6.410986495121319 7.244295165762788 -6.430449605633252 17.48842213838737
-15.090152130465206 7.200917831038914 7.696133966888237 -6.138528896380201 18.4561683821588
-15.168820184117275 7.93540130224227 7.072686459656939 -6.227496883289634 17.68203187924771
-15.34973648877662 8.883893681498126 6.531759191865727 -5.412701705763646 16.860272196088655
-15.213748424692062 9.733116223386157 7.017160114823034 -4.472618292266615 17.824442345960612
-15.612008126306126 9.932457572140954 6.4727737413671305 -3.946569338158177 18.418593672884054
-16.367495540847518 9.499903904985317 7.318857070486626 -3.5514813772671485 19.4150933227463
-15.61161807678897 9.940443591336376 7.073884095315671 -3.635190995937877 20.411642774795325
-14.680603438812941 10.751046525766453 6.258427690146933 -4.217912477552913 19.673439282318046
-13.694449712536382 10.13794953071878 5.266082393747334 -5.20224607126436 19.74035353886705
-12.772609988554722 10.591172395051204 5.171671516487274 -6.133575735642549 18.75958004565612
-13.565384535801359 11.325156835426306 4.542293000849612 -5.157179712143588 19.389476876919716
-13.933006024070167 12.32236570085606 4.298631974078726 -4.226134630793538 18.856703435917936
-13.074839640883802 13.14224253983377 4.657723067246057 -3.778890854306084 19.543890172994544
-13.867706456087703 13.230150231122384 5.306228796195257 -4.377815072586449 20.538655767763352
-14.47662117718459 14.123629169331307 6.188938096807972 -3.5626728483407417 20.795058884136584
-13.507782557711325 14.9223916160704 5.228996155425396 -4.225879164060527 21.031024330284822
-14.182092428142475 14.293142023795054 6.066588817191603 -3.592632777960099 21.646126381380313
-13.182998922943707 13.513656653668932 5.083447633705926 -3.153324891692655 20.844977531870843
-12.633960411526056 14.504828442654649 4.402501293023746 -2.2074509597583845 21.111109851280663
-11.922218715513996 13.993997048667051 3.519883513829963 -1.5561891034277031 21.069056104473564
-12.752161536499768 14.965201023388707 3.600287450791581 -1.3822781541735807 21.242882138033295
-12.721954864097105 15.817467951840047 4.157579915248724 -0.685975578007091 21.279972744225553
-13.710780260271708 16.778984110301188 3.781841073313552 -1.1046090475634953 20.92549372375384
-12.976655432989121 17.407297408141197 4.195054028814417 -0.10489403132496411 20.016676257140304
-13.875690628459566 16.40810610982813 3.4212107332650623 -0.8168862072685886 19.371881172095634
-14.434761983172475 16.740214494409752 3.815648301715512 0.16504239101295903 20.304502538964446
-15.366761925558503 17.25027739725558 4.468614014127208 1.0694661309468918 19.507100126757553
-15.490609604360985 16.445999233961786 3.5642953781393736 0.44512227338368593 20.095149567064396
-14.491321587970035 15.449957192509046 4.186210832519975 1.3115071459547565 20.104617774367192
-13.59388877842902 14.450571352025204 4.917528395516507 0.3556281816646828 19.374062268002078
-14.09965684368391 13.964801545430326 5.610018833115416 -0.05360446751332837 20.371990290545465
-13.318814793550187 14.729740144932016 6.272537829771041 0.8466904485079974 19.535667061849896
-12.39644629770476 13.989502388448877 6.4732875279680275 1.7896915146985877 20.261856149524817
-13.025573734276925 13.857072420473834 5.645155346486916 0.8687531086532293 19.987863700236055
-13.240610366728257 14.355301673604643 5.883652620234019 0.6241072700574565 20.640381117768413
-14.191306317548161 14.878364759976895 5.106769046408729 1.0268761260052852 19.64043492831569
-13.40975499500406 14.135264182092316 5.03144137505539 0.035013995004757326 19.804905762256023
-12.713031136550548 14.540415627968871 4.229170775543113 0.5762191277590183 19.85447343113959
-12.370725419755797 15.040842433333417 4.466330614944733 0.8634055163200294 19.160406333501292
-11.70641903395947 15.471329908135068 4.88272698062053 -0.005074324988100565 18.426792542035123
-11.560836687086253 16.381320769138846 5.003131305473994 -0.985345019189796 19.37978803407985
-11.72937489037071 15.989449085980194 4.011282589434588 -0.011196260033267125 20.354808807065897
-11.719510195191367 15.090095782805443 3.0693977636038543 -0.8566057679101036 21.307845299978137
-12.125841488326953 16.026409061373354 4.035710912399345 -1.67350838677064 20.48845342199514
-11.165377567958481 15.216033494832212 5.02328692348896 -2.0387447016570546 20.92490385569948
-10.89717425897238 15.973541892999163 4.046502513761703 -2.500525365309314 21.27676897301602
-9.901352433652853 16.669485113178602 4.51471407337694 -1.8742804217327897 21.76940488268631
-9.43250273032197 17.380017651817273 4.92994145579677 -2.761966835334249 21.456431700269327
-8.683872058951037 17.65660115597046 5.330653136536932 -2.018260116406869 20.479316064126284
-7.9987223042316575 16.658865934122208 5.6650966582401745 -1.8397790530880607 20.299212105641114
-8.369931962756462 15.664284161522968 6.644130949267484 -2.7316070469779996 19.322314999790613
-9.327295882846805 15.014236671665817 5.774723040863571 -2.8905993987285012 19.754463031907548
-10.326381657572087 14.090403224024177 6.70437148935301 -2.4271335601642683 20.206405829352615
-10.689969661628894 13.196640385393577 7.619653261156039 -1.5045925226313501 20.36000752604677
-10.618355960235865 14.196304050395073 7.334049243831405 -1.962322091389726 19.948861133618664
-9.733278795139856 13.691056085689251 7.619797596933866 -2.96169187841989 20.070544659679264
-9.58349983082081 12.999948872793638 7.733724289218687 -2.3983258976441215 20.19703391715569
-9.273152603773513 13.999835484914861 8.085692244491243 -3.3971531757696036 19.82531595774204
-9.566745357710198 13.132442781497915 7.9344278416685 -2.397514987292899 19.64913862009366
-10.250457127878061 12.520211686920423 6.977779226280345 -2.922919178883312 20.63962390770692
-11.15765939549689 12.520369798377521 6.250379949770449 -3.7141418764514276 19.989495181467305
-10.17439982169891 12.112673189639992 7.154267568187017 -3.2112717350288484 19.194277673028875
-9.179449446594747 11.901088540509797 7.411343851758763 -2.3135062019057564 18.21899832247066
-8.563149216977893 11.521476636435647 7.9184841300652975 -2.6191179817989116 18.183595054626128
-9.559790416374955 12.504833341420904 7.4516224953757195 -3.14306103557412 18.46268325156077
-8.575734290697955 12.438456702002789 7.558303838158613 -3.8092352967336645 19.170706047690523
-8.375582301465245 13.110752744463682 7.042870192136066 -4.676775695356056 18.400590399078727
-8.575002640765971 12.503258883527696 8.037841513174339 -5.591303872484667 18.17304292266843
-7.730693959488952 13.446211031248028 7.233486917765055 -6.496552511411291 18.039987331098743
-8.638401815823492 12.446702125318073 8.225298411728913 -5.934867143437414 18.986015194098602
-9.096747787809834 12.762313584878594 9.069845713589215 -6.704316232761497 19.792446566292284
-8.174953815437783 12.960266571105711 9.693742804033919 -5.782915702143629 18.994341047768238
-7.652538783756244 12.251229053840682 9.781992848524304 -5.461985552922047 18.7133195005781
-6.653941642529607 12.698444950966742 9.68048059235553 -4.518693284705929 17.75651682679179
-6.276639031526917 13.392770901397556 9.88429600140647 -3.540819450277339 18.47598926147282
-6.231407079393849 12.443048897176203 9.313655179792868 -2.693960789592242 18.27856767680241
-6.473620341072715 13.327930113809288 9.647841877180598 -3.443777631493639 18.170059762577804
-6.980651800850812 13.674380255826344 8.85913577629869 -2.6044815221470516 18.98846658950086
-6.121610884862481 14.12035022048943 9.589379025305233 -2.118734306531836 19.925319448295383
-5.165325155836057 14.092488742925383 10.1713520432189 -1.1337366637815158 20.52334322619209
-4.22841410553256 13.40666378288978 11.131163081758334 -1.8493813370545342 19.527366928775105
-3.2464374581861937 13.827057928969053 10.799532223058462 -2.2243624773901907 19.934561005170334
-2.8976230732053834 13.641796490459425 11.371079876892114 -1.7894078369623583 18.935550851588374
-2.5978176664814985 12.845484959386788 11.455435093987271 -1.2401481012546378 18.635359402704065
-1.6019698264400295 13.715962938766578 11.246364079650457 -0.8951817196723655 19.265365310651227
-0.6034672714281808 13.246856551228404 10.649182116184633 -0.501750227859707 19.318054764902143
-1.5671990222758119 13.487671691187082 10.08048527696893 -1.365620091080547 20.25156541148916
-1.5521106751061569 13.218357971757865 10.578147809576402 -2.2001957922219386 19.497868747693218
-1.5501987142162796 12.488465443457759 10.38181803673127 -2.8510320129774165 19.722396180011057
-2.545887431263832 12.034500108903146 9.906683185531747 -3.8022777113939843 19.266558093638224
-1.7364501108001835 12.931468727823592 10.056696549750766 -3.7394690613542942 19.130029789361924
-2.359308429840141 13.685111817055054 10.528035823789338 -2.9797676543150544 18.832994615276952
-2.4213194972018273 13.700971043146023 10.900687214560257 -3.7777577900662784 18.123338522444715
-3.4143873111837295 13.097609341064855 9.901074930067981 -3.8725742280089688 19.11936580012348
-2.4149860539907158 12.357611179549089 8.952951558558633 -4.852742849604548 18.169967910573796
-2.230098319211212 11.790830337649975 9.249220934246491 -4.382867706363095 19.092150748315923
-2.7281167589433717 11.148458033560606 9.83173926055035 -3.456287063087931 18.165988141788755
-3.7055658224595676 10.245284597396168 10.770781460363372 -2.7566201677213296 18.73731085333708
-2.774255165526851 10.931019030254543 9.797804489265976 -2.959466850423753 18.043656686481377
-2.08152177986209 10.117821517128911 10.610109539317246 -3.299499233879029 17.934564271513256
-2.0051687297915737 9.859755658894343 11.034324445120756 -2.3959720264361692 18.927925115632853
-1.1514819866951203 9.364596474796635 10.143797503797163 -1.7532531026711826 18.541984632275845
-0.5123753400237282 9.758238592117909 9.703716111180764 -1.9552067359024912 17.77252878520403
-0.7888959877292718 9.167558934014485 9.138809781657889 -2.828757636439916 17.746406440508956
-1.7725319306034817 9.142621400287151 10.126504487861375 -2.6520138235060884 18.389470385722046
-1.9371390687997359 9.944962409413991 9.132619523574629 -1.7902768563476466 19.215019738661642
-2.3562176502363865 10.9142493178707 8.155389716364958 -1.4719821509989601 18.658027768917126
-2.299888102706574 11.837986637299393 7.4716290934349665 -1.7957287439084384 17.7216346570566
-1.7293968856332351 12.391103335060052 8.195327005124934 -2.274004459952265 18.586860575161992
-2.723814982878783 13.391033831128864 8.661003103376135 -2.625507253541571 18.645272765568734
-3.4599885179183847 14.34626522844395 7.888306828773615 -3.5822514200090727 17.933182773784328
-2.4963500981882545 13.509415922713085 7.645023490238217 -2.6621549090019196 17.822372797702194
-2.3279697790610205 13.29384446834862 8.068628706930177 -1.9298854346840513 16.87707805035527
-3.0171811884591984 12.856988260918227 8.090124705560156 -2.528247920685272 17.502793516108234
-2.3749860216254484 13.532376397732456 7.103450853433768 -1.7491396526063339 17.95285402279738
-1.3883558463678785 14.427969512797633 7.229384324676498 -1.1316927526674232 18.842406447771786
-2.2783136387727776 13.488157419639236 7.8588215092450096 -0.1524466959015185 18.230467890065647
-2.747106219810513 12.507294407869786 8.589136648784104 0.06105430361476433 17.40841961205974
-3.7362983477113145 11.677415125881843 9.29283846874436 0.6337398741224105 16.91247304172669
-3.190603840855367 10.958192584682251 9.835994043566949 0.7482487590954283 16.26508435185992
-2.4140380365468443 11.908465284491127 8.898649052378678 1.5315960133250734 17.249162811116747
-2.5123729003460684 11.183113942046303 9.14106065430755 2.2721357985432054 16.83687602035695
-3.028559925859664 10.297408328106272 8.143086842864996 1.6088849531764127 16.363819331451623
-2.6589879117067263 10.833421003426167 7.27631338766649 2.285171909845938 16.048710302798987
-3.429683502628624 11.05430543891384 8.230868616454497 3.284301764066015 16.003235611878786
-2.781983696967086 11.38373539544255 7.968916548560158 4.122163281509505 16.453872004402687
-2.5324600793603724 11.33809325853183 7.214037370607377 3.785321528556326 16.541369656107495
-1.7547949756833399 10.360450816956925 6.27269164799824 3.116237353622072 17.24974151676487
-2.6794747968956036 11.204246118132275 5.951876652483774 3.491601220515291 18.06822346570513
-2.6429295021885983 12.059320506835409 5.110984986973395 4.4729502730662976 17.469266954595824
-3.0232875352402524 11.322784095624856 4.111482562207232 4.235791439006789 16.556012417134383
-3.71522648909837 11.290952092640017 4.767376624688178 3.2531671303359806 15.81035301204727
-3.168486505693172 10.875204877151365 5.765098568341247 2.6233635552208394 15.97714968756581
-4.12369362747826 10.955291822466789 4.766954995953257 2.263215142289645 15.197043998212042
-5.0744302046233285 11.787172873895319 3.7680013843799953 1.4470790254397696 15.801236816536314
-5.401804836579193 12.758581040654589 4.053309071272705 1.1491211678975963 14.809046746063782
-5.882082202542718 12.735083701003832 3.611268114389251 1.4526613382599816 15.17811951345698
-6.8813312429233795 11.975229624955688 4.108656031048351 1.5898156210693277 14.32304944749568
-5.88140813992338 12.615055547345698 5.088041879145866 2.49508667398881 13.986531202125883
-4.918332948900827 11.675090801681156 4.2550925005612505 1.6169193053318431 13.158050683204905
-5.62096897004112 11.087517561666923 3.6548347034069772 2.0538531466119014 13.969296572715068
-4.720312418714708 10.087557679011615 2.785242453710067 1.6434935152534706 13.918548255875432
-5.3953333662516245 9.766041505538736 3.78273271573277 2.598176618936706 14.615031030396636
-5.142585575236727 9.00930959906275 3.7762086000091144 2.163190704442929 13.888345095111463
-6.103148736583062 8.767159062662046 3.8684047020547028 3.1629626339633465 14.887054720463352
-5.3680998427681015 8.093429144499263 4.775122590977243 2.205482127276348 14.240616113742094
-6.330279897537661 8.241435360014165 4.0524552507755205 1.794450218785078 14.053289883660755
-6.361169309371343 7.837080463436218 3.63415655199332 1.7849839523643272 13.690788659621239
-7.345782267665335 7.32817020450519 4.632590451904659 0.9227445025015019 13.280404784235
-6.431469601165728 7.386810201377202 5.394415181003996 1.8825968344532233 13.959421368391514
-7.052481920163036 6.4460968698662215 6.147199659422406 0.8857086714103235 14.617408483589696
-6.513083732985542 7.199175537254347 5.261251387630967 1.4847228803551022 15.08719880054427
-6.641201844624825 6.706803229347886 5.97772536920116 0.8258500987764116 14.79846422494947
-7.640861317350026 5.719736363369905 6.1752143489386215 1.754969391402414 15.217883208772117
-8.33781473223183 5.941272851227 6.9170266420396525 0.7658453809619121 14.368103483877254
-8.47943317409937 6.935223945542359 6.765706075918042 0.9877696047330478 14.118413242179932
-7.546386832214424 6.516116841913482 5.777023868251866 1.4177411470993775 15.094537202190585
-7.476802536917187 7.172194574802844 5.026615314042445 1.3499855512285615 14.740341137942222
-7.694100061451922 6.922413597196806 6.0218116889172855 0.6476290019911747 14.952837882581921
-8.638147889142926 5.922558627407242 5.9520879790706775 1.647147133957671 14.33289977277502
-7.650712648424707 5.780511805597859 6.011431696219892 0.7004173950346901 15.072961487811662
-8.467227864562767 6.550406953683466 6.877925567539342 -0.1027813925660318 15.608342592920657
-7.705538568773024 5.91877833200475 5.907764177929228 -0.8610002402516952 16.090353739041554
-6.792387247381219 5.604383491398691 6.541353043455898 -1.052119146669658 16.084421954520355
-7.000881734049812 6.433628099883246 7.540118669438181 -2.029787897159467 15.085413755192322
-6.091577472119982 6.268984402355328 7.623350587033702 -1.70554777193534 15.80240513697304
-5.169212032841821 7.193878892303724 8.557070254186387 -2.0113527101556046 15.919372301120545
-5.593060329871803 8.193710017901935 7.9389137795498 -2.4649515788113567 16.19618359197584
-6.420704326808185 8.208634619687917 8.859964803323725 -2.5174928880676593 16.099396916728715
-5.563480003256851 7.465051629168503 9.552329574517316 -2.357129443536629 15.179058871149698
-5.804571883413508 8.182840200984444 8.600191070789453 -2.763925917207757 14.657648450935778
-4.804975853653941 8.602684299645569 8.576882288657556 -2.1646142452901835 14.863371413138783
-3.989593569966381 7.644774057040158 9.576805641449223 -1.449187421431636 15.015620379928128
-3.8328663287195797 6.644982192068894 8.580909714852641 -0.5351570134612562 14.02703318917011
-3.18326563237252 6.1732371679373506 9.413319586381665 0.3709760085354854 13.280512464812217
-2.6681563120704337 6.399663034593395 9.51805389161778 0.15147438381338707 12.984053781943238
-1.6726756528681788 7.381159372552394 8.560260395977572 0.07062002394371084 12.05462326361393
-1.2036190998153133 7.376555821881479 8.520014411809232 0.9860453260625834 12.191922848021711
-2.0462113737695615 6.822393522097282 7.650655070043813 1.041288761678961 12.567721520034496
-2.8258715381667563 6.800183392895463 6.971915686630387 1.5919001568068387 12.563553116583241
-2.7863848569296885 6.166646669140982 6.76411206124581 0.64030137387893 12.852418681264982
-1.8378088664047192 5.689544653289504 7.540313554466011 -0.3487162651750192 13.747269100558643
-2.3822378111438045 4.70016562433768 7.691482002959366 -1.3141637337025456 14.030881026913162
-1.390709615082198 4.862209459973083 7.470443523043411 -1.6285739302861506 13.91443360015969
-1.8287026873963332 4.753967857187639 7.508524539700771 -2.402208586173149 14.186258824658402
-1.9899618841589761 3.9433524292947535 8.43215401017526 -1.9212874810950191 14.262180222636765
-2.8489884233669214 3.196718247663169 7.735288723290498 -2.7277691846920584 13.650469946243913
-3.602704089177254 2.7290436854725972 6.77168002022411 -3.477628939056125 12.828692166400755
-2.851977442940554 2.9486487984061878 6.334596173179506 -2.6038547365629294 12.046451750063378
-3.4295171714899917 3.8262529937181124 5.335378870562431 -3.286979291660222 11.606658804034097
-2.4452613101795704 2.959430829554773 5.556742451184027 -2.3254356520007735 12.597953919822594
-3.3326481332340214 2.1569038758794 4.792385456279242 -2.3878588107348135 12.760117987572816
-3.6110018955412237 1.4525803777651736 5.558605470770151 -2.0446255225228898 12.731179212904838
-4.312513972780634 1.8297408226745264 5.259603952677861 -1.7182104737237616 12.143937193715349
-3.3224228437422343 2.5486999540113575 5.984178534077699 -1.9459073669395777 11.198320201058442
-4.182890485867207 2.5190286012126326 4.984643113734048 -2.32239677196661 10.520904918593345
-3.7232949680906575 3.326798109202539 5.105319182336693 -1.6766543820783637 10.882428176511421
-4.717614584546735 4.326498193909325 4.790444314119458 -2.106450288701959 11.856516251501228
-3.744711356706339 4.720715038495302 5.106113737220637 -1.5334328304215001 10.925801729179403
-2.744914285505843 4.588207833736546 4.279121696125433 -0.5688056237876451 11.399844233124666
-1.8217597936608858 3.9150087230494015 5.22639186859785 0.16588781937318575 12.218820785969458
-2.60638950094621 2.915546849104887 4.33438530332883 0.7698113932075437 11.539817094928962
-3.501545135483698 2.948717152575173 3.3574910494326815 -0.1319448590376372 11.820332483093036
-3.092800634971754 3.919439925387163 3.4029839833908944 -0.963154461148092 11.063536277412947
-3.534591308279459 2.9912835898931593 3.768782285047168 -0.40326259260982333 11.416320764389866
-4.506378635990719 1.9922837815838308 3.5904528553131643 0.3383442860226089 10.61065531271296
-5.505696803909547 1.107927846364846 3.7669347375134308 0.3214147157076291 11.017349510546012
-4.511231325874572 0.5944043175723323 4.739985070162297 0.11437611747561377 10.017511418406022
-5.087410299280476 1.5440489358204748 4.087095890024118 1.0700621482235104 9.44269546036731
-4.152420440906899 1.322256314360041 3.554112729807255 2.0678794329423393 10.11432847149219
-3.1917167626573053 0.5329673032859562 4.394228396301079 2.999289267455882 9.141632113176001
-4.143201918343654 1.52347663617902 3.6508038748101046 2.012275657403954 9.717548446874352
-4.575188885389044 0.7634287315667104 4.423916300608594 2.8642474167638254 8.900383768281738
-3.5752658568164 -0.16536737507818855 4.739067399004731 1.8716062782297556 8.096184219170716
-4.29771483471971 0.7760134678939097 4.23761155459866 2.094768327997374 8.154009881340851
-3.6408436128495962 1.7319869577924694 5.120799257310595 1.098103137952326 8.071334174244715
-3.995444033807614 2.711163601885514 6.117754714893029 0.16549314013284167 7.125721061895781
-4.899464635032216 3.710756683280559 6.692938383385655 0.8776862837381368 7.342179046902794
-4.471057902995616 2.720764150537886 7.621714991434266 -0.0498311988205451 7.287692623269173
-4.423085773015419 1.7453986922077354 6.626823668837377 0.38450299931392784 6.331167433307993
-4.81719683197828 2.333338102181199 7.395101570771034 -0.5850019853559417 5.489559971733661
-3.9009045093927828 1.6184250591272904 8.134817711755607 -0.8063092589235512 6.3447124242601145
-4.603477594619741 2.5405647419117035 8.577042751358293 -1.2145844154416126 5.435341786387773
-5.484779636952577 1.6117605679845042 8.680129336412765 -2.0148875343078663 4.48267508093604
-4.5802615815604995 2.0507704795677277 8.893446509632083 -2.949342791087463 5.469860316558058
-4.860674841037547 1.0665390645015256 8.9474210448145 -2.327812591908333 5.919938853226383
-4.912425624325557 0.20487899679085686 8.014282600565705 -1.432352217611011 6.379120082101718
-4.005604294668753 -0.7440905581660323 7.340312226712959 -2.3990370046213387 7.232099148774804
-3.3346717530122216 -1.7273785832211548 7.218129224203923 -1.997719156862126 6.708540368669199
-2.451148617727698 -2.142444086358539 6.444539838675644 -1.5140541510407568 7.445084129228227
-3.4496722786863505 -2.494340492101041 5.558380534028724 -0.7501183675476911 7.6202819572065055
-3.706549588377988 -2.2380540521427625 4.738171794240707 -0.015519809567430043 6.67221518968131
-4.561106681574293 -1.2800553320463353 5.161945500600044 -0.9877843444110174 7.000467379418961
-5.393556485239707 -2.190359740463753 4.65698446290256 -1.985881610721612 6.217381397803135
-6.244618072697159 -1.1981643514409859 4.3006332958986375 -0.9863999010058153 6.640529219750519
-6.300086585624803 -1.5460359752668758 4.591493469474728 0.0056553639434479 6.586316533538903
-5.441407405312635 -2.5449131072728655 4.753189143649347 0.1452793721980354 7.229537200073478
-6.0494882000237915 -1.891635203967312 5.035217252001067 -0.3476092793300517 6.259785137953319
-7.004248311526239 -2.507662650546563 4.6275149479818944 0.6400950837453413 5.409682132233557
-6.0409066361417 -3.4066985621419685 4.553761287827613 -0.04856629372907273 4.581014696341415
-5.37506203218757 -2.417275567669872 4.417028760113025 0.6291700085223 5.051747180622317
-5.354386918215181 -3.3769678053330185 3.470675361658399 0.7938013811054935 4.760399746214264
-4.8108687899764 -3.831060608650025 4.221559632865621 1.6768449985510525 3.7845898029516816
-4.376921088520836 -4.5069746150229095 5.041047033554074 1.6709158968506581 2.791766759373496
-4.242575712030494 -4.255856660594455 5.387193287258317 2.347251756222251 2.9836730838336702
-3.4080390617682736 -4.250870030737585 4.495963752631246 3.2731869206165287 3.8979620155186763
-4.404544689919965 -4.088523350975715 5.430683424076893 3.6691901802084494 2.9021396964119295
-5.168110798714658 -4.677702952788361 4.448049345176138 4.581582349114269 3.399940409462874
-5.965186518492422 -5.183823112939818 3.604797289508734 3.833759411070461 2.959591260135065
-5.431038362518421 -6.168457533691226 2.7223903801568805 2.9785921918361784 1.9595952143095863
-6.22955461897399 -6.65825037997031 2.436199259916579 2.545450922396618 2.8452872626108467
-6.45546686980691 -7.59057675809648 1.481344192537916 3.5245711292352375 3.459485559741861
-5.995611196651498 -8.493930076445201 0.6440043816791036 3.2402642325916773 4.033294398355302
-6.702912843880206 -7.532254831152193 0.7704913362161508 2.2406185173684037 4.620273469097571
-6.8178878749594904 -6.615799952147202 1.0673107108031954 1.555479931732378 3.655368453565281
-5.832192101906376 -6.255099738383102 1.3302024197602649 2.03858681580264 2.657606589703024
-6.6708358333168905 -5.343155179929978 2.283301282609134 1.040523018297588 3.439371298119089
-6.592141180177598 -5.815437544907213 2.950455479784021 1.567841600576998 2.6920809953886202
-5.987250250622151 -4.9697073048505995 3.587321553024008 0.6627171972573831 3.6319874157666425
-5.011911524628806 -5.9686294676458775 3.453820948121752 0.2739487674370286 3.2275120619501916
-4.0135125209208455 -6.718482796574261 2.5035478398879603 -0.687061896167035 2.3336354871205796
-3.0311585338541374 -7.680028119401153 3.4772275079222594 -0.9110066311330998 1.5156393137697923
-3.931377875972812 -8.439164975497581 4.4762920945602325 -1.8838874437141526 2.3586191068433227
-4.855764633996982 -8.335685629928255 3.482726863116815 -2.4409558182386775 2.793939617308616
-5.705745570135239 -9.31732381166456 2.496468615509298 -2.0873803460898754 3.599858653341155
-6.458807744653587 -8.618963301020615 1.7367281917362343 -1.257545332121309 3.634863671282878
-7.096160626022925 -9.323494822218715 0.8659094751080744 -1.669036570730797 4.609371861529137
-8.085998049693258 -8.360501349358069 -0.0708572109648844 -0.8748032463457439 5.079391081003668
-7.738663254373452 -9.07419924805103 0.057972550137876555 -0.7215465274174498 4.081616465259347
-8.60683021153064 -10.06742877382375 -0.9034996406332114 -1.1235357723023216 3.084657295592707
-9.018055702726521 -9.171936916953094 0.08357632953385896 -0.39056435165140413 3.3000901146098136
-9.293193258741821 -8.226375188146289 -0.8010428664022515 -0.3126610548658828 3.3036695529261437
-8.426420042129132 -8.832477499377138 0.16970494003565573 0.584144957338362 2.5609233474592505
-9.39670099072133 -9.77421554083577 -0.6839520628988259 0.04918138052672261 1.713761092171938
-10.101690988272253 -10.140844017143342 0.29063712820691245 0.8196912765149931 2.4150549876964
-10.991106832386897 -9.438350224297524 0.9111374607808591 1.4553322885091693 2.658913418251292
-9.99885114860902 -9.388762014572245 1.8944279411235005 1.037772772431446 1.9448203145872602
-10.330318187928153 -8.648458992587978 2.458736527982576 1.4321952736597396 2.85796616132143
-9.351119651734965 -7.883938093134124 3.4171255614862677 0.8047144675361095 3.832678100748121
-10.283118143554073 -7.058046830984673 2.5655479032501374 -0.19526598834413567 3.7681156296533977
-11.236806451998845 -6.232950536572112 3.4892280959399136 0.3115306862906342 2.8835302340515105
-10.251406420180773 -6.806059047444378 4.27873525661504 1.3115270984956182 3.843677467760918
-11.163935978758769 -6.05314185434523 4.969643734928847 1.9295087641758832 4.12369502332999
-10.194119087132373 -6.406383777895116 5.152528867694979 1.2857080719248524 3.9344709800904876
-10.933753014297237 -6.905207167314259 5.837822707126695 1.173707774843591 3.459823776438267
-11.803851522462095 -7.162158023464991 6.432745748754131 2.1484357675366392 4.456690679681138
-12.274012957034682 -6.881463198911282 7.26450776811627 1.2755205496546056 4.224981179675733
-11.274019055729216 -6.599372713400112 8.264428933144158 1.4983046848700894 3.288702961343364
-11.300868396677034 -7.584672913214524 7.387095180923815 1.0918769834071942 3.1448547312293726
-10.334576117801472 -8.370151613168936 8.209345741900593 0.1403393728447836 2.2964008045200055
-10.083079636261257 -8.691216920064981 8.006621541170217 0.4409484227385678 1.4162107625499099
-9.4578816359101 -7.797697046640591 7.027090694862448 0.3155916633696491 1.8510242783105602
