-0.9844445285820798 -0.8674034423354678 -0.20251919884507047 -0.35999427285165325 0.99796658111752
-0.02946879419230064 -0.1536202303041717 -1.1912486743313764 -0.175467606299488 1.9799851290947221
-0.6159833819382466 0.4448911409221662 -1.8419901885179266 -0.3938680718626396 2.0961049364652804
-0.42812193627922235 0.6819366026486116 -2.2969244631392547 0.5619008890751329 1.26769777296099
-0.5267224221210576 1.6009348713210243 -2.9255205028744062 -0.3419287229621737 0.7436983213580858
-0.15119686175915775 1.4872620551360023 -2.4593006776104778 -1.2604406802710102 1.5301627825119581
-0.8144252376591463 0.6382083066675011 -3.232435114455515 -0.5606759862640706 2.1041889040935025
-1.759856634236272 0.4925135348982739 -3.7698786619740408 0.43877095790166043 1.2692025651875696
-0.9101574403811055 1.4695319742886508 -3.8453001655505963 -0.40769207153251086 0.2715570552587706
-0.8793218377239413 1.5534051257190695 -4.320453543191201 -0.42356117149338623 -0.35994198104218567
-0.9819154036929046 0.5963528985646879 -3.3253476577231362 0.40379811233745977 0.5115559080082926
-0.7892434487802521 0.16301019418337787 -2.4348494195636947 1.386896838654883 1.1425008691058594
-0.2008319370168954 -0.7095366030190544 -1.5962994535251434 0.4831611065316914 0.5743760845493028
-0.39662275456888485 -0.5190010717701357 -1.0175561960782593 -0.12513926947888276 0.8524614768855596
-0.4499925282218022 -1.186135574676665 -0.1876808201581529 0.33863542626233656 1.7339182022816375
-0.946800789017994 -0.6284904791574085 -0.8942289638686942 0.616702374950727 0.937592179286998
0.03868008090306008 -1.4448527685186092 -1.8882149550995215 1.1351663220902934 1.0444727479205234
0.23138620780678695 -1.733563607066588 -1.7093541371200922 0.6169015361520982 1.6708793833447364
-0.5089018089860665 -1.0233433561910843 -1.171235300828565 1.2951859873924951 2.5756310397074444
-0.9665733862559249 -1.915899669905163 -1.52649996757992 1.6264465799298728 1.7265680678748652
-0.8625585382877761 -1.0376661981851072 -0.6396011813261573 2.5437642043150928 1.2384851254472473
-1.571509243944921 -0.48405673916024494 0.21469216504405964 2.5204070614437994 0.24009317725724644
-0.9948237181478241 0.4430794645415689 1.1504846867883458 1.5253015736768507 0.48489562287161686
-0.000696208082065719 0.9595917344129752 0.5622851377726207 1.504039380324233 -0.5103171114568408
0.7690736528244904 1.5129622838084884 0.8840578007431945 0.9137948980350684 -0.13159386226180125
0.24661696986692494 1.3560286743846313 1.5950911394198355 0.3316167840701645 -0.3474320633205017
-0.7303639828669918 0.41620401323632716 1.9716799567699739 1.1846197575468944 -0.3768011698328362
-1.5908424306857878 -0.5342943253262123 0.980570939936725 0.2202702771963222 -1.374022982975871
-2.3219488286731913 -0.8800735295468751 0.1510957318192908 0.7855254808998812 -2.373459567508575
-2.7688510866948906 0.093404815343758 0.23668356859814685 1.060486885155456 -2.8855081261963487
-2.6578163070146203 0.004305921604266766 -0.5203494269047387 0.9063986559423487 -1.9198102128594092
-3.5763944236589 0.9292188249836882 -1.4145403800787824 1.4793992355164964 -2.9197969925118024
-3.12904535629495 0.7756339125178497 -1.7206938634032216 2.1565765226552567 -3.5667877745028123
-3.0688404841928887 0.4195533119300168 -2.6007253739809233 2.8375103364911527 -3.337528277535493
-2.1261409862167833 -0.5634063070219304 -1.6647433777142349 3.4610928396450125 -2.7629211026461573
-1.5799277384250026 -1.3526020789033668 -1.8032989780185977 2.5702253647884956 -1.7839677065892179
-0.801602936790945 -0.5665213407755316 -1.1335802232850973 3.5198245641434074 -0.801287308484225
0.1867613207735087 0.42097622034821336 -1.6953085629536655 3.6889155857226505 -1.7140950861373305
-0.8069887881148043 0.6401409667489185 -1.6945891813000722 3.0410125445155503 -1.14795250731824
-0.13235057253207438 1.2342569998675426 -2.512015448027962 3.9542592580412967 -0.9475064930672347
0.8041904295774908 2.226111116052162 -3.298982861607292 4.9437908422282995 0.029980291227015066
-0.09237565035531181 1.2312902625109277 -3.9437903593464387 4.959349453202858 -0.9148843127636805
-1.085066792264049 2.2110734918216406 -4.941516744737725 5.925793852420236 -1.6496031584037258
-0.7831053757666602 3.062627928530136 -5.774169438158721 6.861358485810529 -1.0161450085623756
-1.4388573172869454 2.5479477756922875 -6.662602218054316 6.209319065920315 -0.5690894423967486
-1.8090463723494297 3.5443391278955962 -7.246751168587979 5.213970657249934 0.22994428120753552
-1.8362482998248342 2.686198512525339 -6.906366325494515 4.255245702820045 -0.1353920529030883
-0.8392057297309825 2.2029386996340454 -7.471760704944777 3.6434813994666495 0.8331780732652961
-1.8178044419886517 2.5223598250884542 -6.878030506921158 2.80487884067378 1.748924707317228
-0.856593858012168 2.3747616749863467 -5.979098943060476 3.3220013246189386 0.8254941428751932
-0.8701105455736046 2.148475770494371 -6.7969898680788825 2.5098022005843177 1.3958151455857475
-0.019362480392312587 1.9993363129744839 -6.667724484547139 1.6826035734170293 0.6020745037024379
-0.28511258478362705 2.8728203662897527 -7.2600750939363135 0.8993151623552721 1.235177756558407
-1.2572544776565535 3.856780838908328 -6.2620978992132725 1.0581433962024267 0.30348118313050776
-1.4552729828932827 2.895456013835487 -5.331701609489988 1.7879377665366065 1.2766723545035479
-1.2005904388699609 3.4662726168824163 -4.552248348303012 1.8422298926395664 0.9746036935026011
-0.6584327403230141 4.459439157456402 -4.328270424871078 1.3187737439353335 0.011956525021301179
-1.4770119746969526 5.314131636970478 -4.849013819039001 1.1152681247764145 0.9691132082638813
-2.474146091345077 5.937720920372758 -5.419608907937803 0.7889488726854801 0.8163540260855159
-1.533447518670023 4.949901976821007 -5.906860172267728 1.6814619774929256 0.9966604230519811
-1.4785447072395332 3.964963946454083 -6.639444474731428 2.60999099353037 1.0664378169594477
-2.319444816705084 4.042475783248936 -5.698339275441594 1.6149859604545356 0.8776034288392354
-2.6188708675304317 5.041767722646294 -5.0845384399450895 2.561953031455131 1.7104635888887112
-1.9861148453962838 4.550526984986505 -4.347656412199306 2.744874313155226 2.001528699437804
-2.94334981086519 3.550757175643081 -4.927130532627077 2.6322473701134723 2.3798289650878375
-2.2475018580946635 4.424186916898648 -5.901062207320569 1.661856139801319 2.1254035570149052
-2.421208133451645 3.44437400801058 -6.901057243182558 1.9771511664649626 3.1155030449323506
-3.2337424237782426 2.6190224151585295 -7.345640464149686 1.2364027109382043 3.3893579629321655
-3.87167913266778 3.1011577365776732 -6.5783951180867355 0.6896611864146345 3.783141179750416
-2.877347778925308 3.6671541467116104 -7.281771287020178 0.279608133204386 3.7345250482490875
-3.3580366194567284 4.508518874180275 -6.989623975868363 0.384807478550831 3.6784585066782487
-3.7582864174747264 3.96952427856695 -6.090186768355669 0.3832458864164714 4.65899111224935
-4.623746017475095 2.970284231676211 -6.2796554449907065 1.379051516136109 4.226853373221485
-5.619281097661906 3.8619573434231222 -5.481295125907931 2.366144701669067 4.97245861659787
-4.666025585267299 4.857034919741393 -4.5020780378930585 2.0364193820979315 4.638495228858969
-3.7865237926453963 4.759218620432566 -3.8147351819424844 1.0938555859889605 5.055593055182283
-2.7978791010896487 5.526309944951851 -2.9657323046943507 1.2289136658098851 6.031352500622212
-2.4851908376162894 5.754231271376137 -2.4780803738545263 1.0784694225448295 5.78509783385509
-2.08657657740827 4.942156060162059 -1.921225579551044 1.3451357801456463 5.108201583799211
-3.081692027081586 5.569560127515193 -0.970967335501951 0.37040190740689594 6.014520401822094
-2.7964444479676134 5.295538142877247 -0.06119330524938882 -0.6175327165962794 5.333260932019057
-2.212190901427593 5.654738024725992 -0.6421223545326791 0.2610485821922953 5.27482598289221
-2.1729331352234342 5.7022763681189925 0.35676451125677733 -0.6917781160338289 4.276763042099486
-1.6212659047460256 5.671941049695704 -0.3619231692383388 0.041911671214281854 5.123683433797213
-2.556127277094344 5.596010366677607 0.5455795490559363 0.2827390540177396 4.154016923321345
-3.070678869343908 4.684698356463306 1.4604458663641804 1.2430808328770089 5.142907349777051
-3.968488237228225 5.556109815979824 1.1661502582204575 1.8188621413742991 6.067965463107939
-4.891574687252695 4.556298124926202 1.762295732876519 2.3465320977789377 6.868853188095893
-3.9047660620050944 4.4471967960676695 2.637093067818089 3.343751478447834 7.854089426278115
-3.3018241671874735 5.4434256720587015 2.395334559725453 2.345566374016033 7.24964678686631
-4.203375353410518 4.718884777276383 3.3260112782929525 1.9666161973296727 6.356855161790706
-3.2041010350604013 3.8061647240061376 4.037881868392201 2.4449464492465505 5.368287365718344
-2.3873000604027403 2.92449926087363 3.4011934467516656 3.396701561483239 6.367382216437687
-1.7338433375054056 3.72412059402103 3.6637841999891254 2.420389787173528 5.378929441150687
-0.740903116874306 3.787161756781161 3.8141950479098585 2.499456497275691 6.134675220188559
0.021400040117808716 4.210781970333834 4.79433017879227 3.4975710170460514 5.570031391609026
-0.5484156325790156 5.202924738923044 4.649280964965004 2.498165295837344 5.9074915235273995
-1.1924869066901307 4.539136344281527 5.411254523991943 3.130380004752385 5.58939764880978
-0.2439896287337091 3.9015372898284957 5.818624487161797 4.047681889609043 6.54839116119587
-0.8084244158831875 4.396149802312592 5.229195261058555 3.9693054654443807 6.414345079169455
-1.5520587711008924 3.483427372818016 4.451048600515627 3.0100119574347763 7.305924434114715
-1.6815483908858138 2.483573751086093 4.027296905401131 4.007737322306964 7.409375719616735
-1.0626686858662757 3.471686367020293 3.8547282980524598 4.656845226692302 6.42606902227563
-0.5082637835999686 2.725017221041223 3.04647523112797 4.2978218196693145 7.419921701279735
-0.06280146485432364 2.0835606665521844 3.62493493622564 3.30009963568076 6.445058181515355
-1.0061484233945974 2.4877353856351605 2.6269191274621195 2.6368469379401622 5.445186404255898
-0.551042960397935 2.6439165834690246 2.838295785403194 2.897749453052822 6.003925416070349
-0.7267602579771942 1.8943772173688789 3.6174743733766164 2.4121911503007776 5.742605386788816
-1.4842446603768034 1.4077611388976636 2.6916272486546307 1.4510838482314925 6.113441971389888
-2.1128434054988823 0.9040352629508756 1.7331450828504797 2.217719074090635 7.111129094687382
-2.346614345030991 1.5615420909305993 0.9353845995223509 1.3068208730920117 6.422542783894789
-3.2027186228471995 2.554547139659153 0.8150687029826698 1.9609023494404851 7.416651175278645
-2.4207589189661185 3.4265253177381907 1.6907767093407196 2.8271174839152904 7.6042842293313235
-2.547399619301279 4.291669351009127 1.0109817669466437 2.5367911905558707 7.83990241033538
-3.379594475290225 5.291436527602373 0.905327079987593 2.890862867410372 7.579421314969102
-2.407384290324533 4.519431191591831 0.4257529423801289 3.827927542820718 8.3993150979084
-3.4048128514556186 5.386022946871164 1.3262146925616585 2.8730357081884814 7.544867796458908
-3.786318322273897 4.456271764015846 2.3171107927762207 2.0317152543210466 7.694181507545151
-3.100753040585893 3.905431285789796 2.994447315401348 1.9187175637648899 8.685038952710848
-2.1023115088671185 4.5539157949735145 2.031444994966745 1.0258362100457967 7.708427031761461
-1.5532322619380823 4.460380070323697 2.575484446838167 0.4634571256318676 8.613072287675552
-0.5976500195887663 4.349210297778003 1.871837987902877 0.045843683903784294 8.192907955962749
-1.5969897234394956 4.16210339143019 1.621176676028438 -0.9432959373370577 8.467220427908718
-0.8813549938632326 3.195064883744825 0.9444507061698691 -1.9319509888627442 7.709858870306852
-1.8060859964898925 2.4853931677703054 0.4360318078856692 -1.5771534643318827 7.205547006280154
-2.5697972156563393 1.4915679590253386 -0.5154166768197234 -0.9891074786991488 6.208321508373388
-2.681212047812741 0.5106642799177065 -1.3955247242554751 -1.8368843577153924 6.453438738937475
-3.6437169514621055 -0.13735440731695392 -1.809230636695658 -2.3746138713325817 5.894733261368259
-4.581645636989974 -0.886212488357249 -1.3458502098301484 -2.8556402136927534 5.242148902012616
-4.3748499376178325 -1.851164717453984 -0.658336541555415 -2.55559205857989 4.242608572321596
-3.7073179099245737 -2.7801332278642565 -0.04463481982351458 -2.7013967098890417 3.7206657045159814
-4.382655638743091 -1.7864347516365662 -1.0285824487798725 -1.7127203906826343 4.586372259016212
-5.197677596058976 -0.7864438684587443 -1.6814708476338986 -1.7971404836767502 3.959460713535381
-5.847748324656702 0.1340245360328628 -1.670124371009873 -2.3002047602009648 3.5429041641676777
-4.879890233215326 -0.7523939029043248 -2.6399538803322575 -2.4142832648221257 2.778622984828154
-3.882971937364808 0.1980309113074059 -2.3516157107886855 -3.2867152355192615 3.547190680387938
-4.558787650660641 -0.7027782118492244 -1.364002402757234 -4.240404961727327 3.433990466245403
-5.286427836654404 0.04810621413409977 -0.8875400981192452 -4.72276780963104 2.5590243187818076
-6.208858607539416 -0.9186472967487695 -1.8320280894929293 -4.003876193226112 2.4855067665701798
-5.255760027485638 -1.0114759238893531 -2.6574808170926127 -4.8311196352959564 2.4213990041806386
-5.863926435098849 -0.10117291588166755 -2.0748046104137865 -4.382092304059675 2.2645655427495
-6.724501160166828 0.8857733491674322 -2.1943273461360144 -5.167439608743077 3.259297570336558
-7.400423208258026 1.763725823367933 -2.0023024459780796 -4.742749508578963 3.7791952208668746
-6.410916491338175 2.581282473456213 -2.605051844754385 -4.736180248583426 4.630006462094139
-6.288065114979538 3.023901703485805 -1.636906964816323 -5.697372344420545 5.599337173271024
-5.28990040926709 3.9633716358903914 -1.0681222905373178 -5.974117646150008 4.701702353113024
-5.594295732156522 3.10496027100732 -2.067465071178766 -5.797341927730821 5.612350615138645
-6.570809695285515 3.8146025872826077 -2.8043183377653804 -4.87330478712954 6.556935553432816
-5.675747452138457 2.8149355902559487 -1.8403048593538163 -5.65479056745983 7.364151124164846
-6.559790862992658 3.6431192095437233 -0.9911621534663376 -6.429991314528927 8.116621210434316
-7.020973687350297 3.91818946843532 -1.9801893652501388 -5.762135690470359 8.692747482207364
-6.535698606501312 4.818954163523565 -2.250612186996578 -6.607016861183486 7.828631937272771
-6.391400407854674 5.23856144813165 -3.052017701334763 -6.257404637963444 7.801725736382669
-7.37786492802076 4.239064939420416 -3.9934199286088194 -6.137352457777767 8.71303569212977
-6.436644401350543 3.599878202533685 -4.126716156004782 -5.224694838981949 9.709917712080818
-6.960554858416782 2.766169981141684 -4.000888129368358 -5.465012347005593 8.808669221448062
-6.221306860171594 3.0089062396661554 -3.06006378439819 -5.330176399613027 9.800829108837743
-6.253175605418572 2.6914613537983714 -3.997081736642354 -6.3288361211866 10.783638803514997
-5.25374382225519 2.3996885338419873 -3.001791574603426 -7.3110105290306855 10.96552310102182
-4.971773208310065 1.6738463773159646 -3.5270067770910565 -8.095073663070421 11.426846802304295
-5.849887568806747 2.625787882412723 -3.1710047142345714 -7.282542906839578 10.812260711433215
-5.3142139305012055 1.6572227984292671 -2.9885575969855593 -8.261516484649365 10.737745311346217
-5.380032204019885 0.9946965003148527 -2.031547534604954 -8.422839184963326 9.7472810409214
-6.038537552157976 1.0326901661515933 -1.9392510670681253 -8.123543527757679 8.937200296284587
-5.899157832045937 1.4012070591860444 -2.916454142520566 -8.19598206522582 8.090916508170201
-6.027867073444416 2.339063065243934 -3.460207222953715 -7.252850477073538 8.4870266702193
-6.5938233468443 1.3638431377305036 -4.019988161707016 -7.936917157541083 7.664060494422952
-6.379771164028454 0.4888003163647121 -3.0893855634360485 -7.137676334176641 8.489610689683936
-5.843896694308182 -0.5037947635842542 -2.3361715176672098 -7.038362425684943 7.608320584336319
-5.140092381695641 -0.1763148492689598 -1.5166050272178027 -6.556169577510078 7.880731771698761
-5.493107551952806 -1.1635739851891536 -1.9087803194851523 -5.57764130206894 8.770370879190889
-6.26558700858079 -2.080301030893373 -2.456210081223543 -5.604403748262582 9.214632057869512
-7.0437599055532525 -1.206389207051941 -3.1226798771362105 -6.0042042335618335 9.160779366986748
-7.336909971110385 -1.2062437982534566 -3.289750117600136 -5.478869262145146 9.472045904559335
-7.847571428139533 -0.5518594064674271 -2.3013112215076834 -5.486806343342902 9.41008703995891
-6.86368256168831 0.4252673380048363 -3.26385681856256 -5.13316568522966 9.675479871308548
-7.821304616788506 1.0521626925502745 -3.532598810112409 -5.853061893213887 9.459784039064756
-8.338347511268053 1.5581428129437573 -3.5086111510590627 -4.989366425453015 10.008893111330835
-7.525958660010975 2.542688964171237 -2.689927595896971 -5.377415605630773 10.123107924968116
-8.487430551922566 2.587074913768189 -3.5751680116778783 -4.473124597573741 10.663410750502088
-9.198591455249263 3.4929470069421806 -4.206244152278843 -3.4735764997287903 10.178695320512091
-8.255460596023992 3.4414116781846418 -3.208195412307562 -4.116875370101068 9.21828270090617
-7.719898774182846 4.326600459581907 -4.138296811036427 -4.821525558820399 9.416419932175497
-6.793953440369577 3.935552799348898 -4.024045958757917 -5.552203079660547 8.612251720332695
-7.071377530540629 2.936411435974507 -4.4644503811773815 -5.186568262199635 8.802978764909533
-6.140555744903151 3.8915884441661945 -5.099824944018868 -6.005442700585449 7.814628340034156
-5.156599940909209 3.313922437436463 -5.473950908725255 -6.182650039846035 7.63986492181347
-4.78925437619317 3.1869978484717585 -5.111161284138915 -6.764344753193786 6.756981072454254
-4.476259411163165 3.7955811974200717 -5.413705784111774 -7.567825536987926 5.783397403451363
-3.606461969927701 4.077616987248425 -6.276594558394684 -6.575693676711501 6.2260223452107395
-2.613186558418654 3.4904503305937347 -5.662681255851878 -7.570870643746067 6.365471444195448
-1.711502444022723 3.5306202827814444 -5.100805805292273 -6.890685184030884 5.36565601212091
-1.4171839032458935 4.5260393885089165 -5.684337658191496 -6.78247532438562 6.352177797971743
-0.5461943565809123 4.79664915612946 -5.698488435637586 -6.753205417983006 7.315452490321667
-1.5329241614449711 5.579855410712484 -4.763595679541762 -5.818581064280297 8.240087940049051
-1.7318276179601442 6.261513489663471 -4.571604972435237 -6.816304578966288 9.229910717385856
-1.7465535888098647 5.411175909395597 -3.63798644497445 -5.833110351463646 8.675363665245609
-2.4580795985019446 4.796914040892724 -4.636519442701198 -6.497157552936928 7.811805822020017
-3.335407322310461 5.042864312496435 -4.210827534449471 -6.378877755893554 7.0318093010483125
-4.238981320075533 5.920350579168813 -4.661212071498099 -5.378918360984676 6.102974746235982
-5.07343919206224 5.969359864272488 -5.063048542709614 -4.565887200397779 7.093450516030955
-6.05280253118402 5.31746722089463 -5.378624429281828 -4.700335405634601 7.849263735719496
-5.7928305112247065 6.263417109584644 -4.777350955948359 -4.780206147707038 7.570067953077529
-6.7923278484100384 5.293116800016496 -5.114965176093708 -4.969268143390993 8.464338382152556
-6.042425204005326 5.459247755634515 -4.454309236891738 -4.605949748966146 8.635255424603839
-7.0416396306330045 4.635688816937121 -4.520117913184083 -4.761799071598273 9.594630950800015
-6.4301930266154566 3.6485749078669096 -5.520117912437838 -5.649246343495779 10.558264383298466
-5.56146547028861 3.4125874913963936 -6.51645974831922 -6.401666777995454 11.555905693220945
-4.740191685094354 3.8924590581447953 -7.344575027919063 -6.4496005683446525 12.041720227072872
-5.389292902710675 3.255948681011141 -6.344616703199754 -5.838415860332787 11.938062582439438
-4.389313306849751 4.220096599920905 -6.952620758820097 -6.673297931052302 11.053666762833206
-5.3214688612680545 5.143691611461808 -6.155191474756284 -7.129407594328876 11.37491989145255
-4.321469538324298 5.925969057732361 -6.506996483538382 -8.05563891900011 12.102442969457336
-3.3267909780978155 6.9258554352898045 -6.920241429899689 -8.653727287044001 12.272222257349243
-4.217074571859189 7.915817510079458 -7.919631815907295 -9.282759684028353 11.2784772778157
-5.134687868432789 8.904473429766162 -7.78381800515738 -8.48984319703148 11.892887844345873
-5.7594175004214945 8.8647499272863 -8.690956848774452 -8.04571324860986 12.372441871285066
-6.531220019207582 8.964653058659803 -7.703643805695822 -8.300936157004779 13.231230994309048
-7.520881853110166 7.976130287047656 -7.322780992628268 -9.282955849694535 13.08348868278629
-8.503325002607067 8.755787652028689 -8.176719248407387 -9.414081812023715 13.610244159809909
-8.375587689374647 9.70016856574919 -8.95845674078529 -8.414259432201174 14.609455413814992
-7.395762570666742 10.699390689548498 -9.612868574954726 -9.248207538941264 15.492511280443274
-7.767753552265326 11.655801578331017 -9.753235584872195 -9.689082617752161 14.626408493682277
-7.649865224813556 12.565050957560237 -9.31513864748502 -8.806574225234929 15.436882035896387
-8.420444751397222 13.45027273740288 -8.762163630072155 -8.375972204033227 15.910515903079306
-7.42859673507436 12.473519575587538 -9.324503398048394 -7.976992680543833 16.44945209027655
-7.855525738461683 13.267469649159345 -8.473387572227717 -7.694231611260704 16.520169412120286
-7.794464061411016 13.645178877310661 -7.933172195167793 -7.698823331395131 15.848830537042534
-8.392262823600912 13.260910769533849 -8.626084122074921 -8.630147069806634 14.857617668884156
-8.558349865678101 14.187675490074028 -9.240948680511774 -8.632949054513539 13.866936182244842
-7.64876192736896 14.760183838591601 -9.378517616396234 -8.65952966424572 14.121809520495114
-8.006441811636872 15.327483184925331 -9.061889545806071 -7.734950844414994 13.68628316477756
-7.050367737584589 14.42354700580469 -8.447347107704498 -7.632483577833933 12.688115450507793
-8.041591337603046 13.639571896172628 -9.197558861269345 -8.420311484245648 12.39904343997615
-7.268217032227087 14.546441361417648 -10.156823871040428 -8.0037024619983 11.574923644747837
-6.319278215474076 14.245382988905249 -11.09863453352661 -7.590726663462934 11.857195576219148
-7.040804495166931 13.429535318545284 -10.114513175514485 -8.037607970569336 12.169373271453908
-6.817933566680069 14.350760117597826 -10.253579887507822 -8.038218243759834 11.805089252186775
-7.6658553305676485 13.701070656077745 -10.636617152313022 -7.607082062249959 10.874469000009523
-8.530156617208121 12.729233215788977 -9.732534941054599 -7.7796091958563345 11.460583079107357
-8.117054289809232 13.468303015234124 -8.918435695378793 -8.497634761605712 10.577883471709598
-8.761635357995027 13.136593143411849 -7.930974166249828 -9.272775171066456 9.862024366560949
-8.90988267561098 12.145720906338767 -6.964572968070428 -9.996837843645178 10.7187181692412
-9.725958813387601 12.645371465836586 -6.475345174313556 -10.881894448789158 9.997354677176203
-8.839828195381799 13.147974513849135 -6.125184300644237 -10.776045370759018 10.960463629094617
-7.846730363609801 13.1057174226028 -7.112770071609545 -9.869075985483358 10.885338420377934
-8.839185933236386 13.668756865984815 -7.127986658547582 -8.905719399941427 11.435840169424873
-8.430113237504827 13.989311292215348 -6.803584789200975 -8.436253422206157 11.7903691619235
-9.218882483120685 14.19396908330605 -6.399489648241673 -9.36958907064034 12.460006060137731
-8.78611531530893 14.443852888607985 -7.309577842368592 -8.93578608007967 12.884323452064669
